231
2
660
9
235
1
2262
527
817
2558
30
9
1879
7
85
638
527
28
2
215
9
3
524
16
2392
4
1670
14
1348
3
2074
13
171
1
4
287
2083
1466
9
977
1
710
2547
432
37
3
512
761
11
673
1923
36
3
2030
779
2144
1695
6
2121
1883
731
260
200
6
884
1
2303
461
126
98
427
40
2
1165
2522
10
26
7
60
63
32
107
261
24
1671
40
733
2523
192
237
2159
1
2179
835
876
735
543
209
277
1744
126
42
33
52
76
205
234
543
1836
1
435
4
639
1722
49
31
1097
10
1712
1026
24
1
1623
6
136
1
713
104
35
1383
12
356
6
1
726
2491
126
1081
9
816
27
16
27
16
2191
204
582
66
39
67
40
151
14
666
1186
1196
2
374
259
21
14
563
41
81
1044
2127
684
1
2464
413
4
102
522
35
96
14
1240
558
1663
28
117
474
44
284
13
2
1578
10
4
2153
335
14
1641
5
1
726
3
243
247
322
1630
5
81
7
278
8
1866
8
517
10
159
2
74
154
1
2174
4
166
64
28
2
699
114
7
213
1333
5
1989
20
150
643
1660
13
171
8
29
224
2
699
114
20
1
2171
52
66
1219
274
28
2
215
9
14
999
11
2515
4
133
31
4
133
1
2267
610
370
3
1451
1959
25
856
610
107
638
49
459
1
2434
15
13
2542
268
9
2
84
41
60
9
445
127
19
4
864
88
29
142
33
2
89
1694
11
1849
1
2368
17
63
28
492
10
4
132
116
40
285
117
39
5
466
120
2
158
1523
65
15
1
2274
409
20
573
8
1452
5
556
8
10
32
64
11
3
1152
6
1031
919
1
228
297
1427
2551
1920
342
1
2378
15
1926
1321
3
243
247
10
151
2
158
413
322
19
204
157
2483
154
1
2301
754
102
1049
1941
11
449
57
29
462
49
10
682
3
1505
73
237
2148
5
1344
54
146
7
808
5
1
2222
340
47
12
6
35
3
1208
1780
1675
1
2469
1625
12
560
1265
976
1107
2527
759
1469
791
1189
7
11
398
10
1589
3
1880
1
2242
1826
2075
313
1
2183
63
76
668
1
231
12
6
1488
1
1093
20
479
1
26
7
1039
1200
20
1831
7
41
37
261
105
36
1276
1
2538
110
2001
1225
1
2227
159
17
743
93
136
5
80
122
10
93
5
2
1906
259
5
2
263
1085
1833
162
1069
18
2
397
2037
1
2202
163
15
93
697
10
45
14
573
260
525
145
4
93
5
1110
30
4
142
33
53
13
99
421
5
329
15
24
1
2330
12
13
74
271
11
2524
667
149
102
107
132
3
535
536
77
431
1
2167
4
1790
316
92
18
29
63
668
18
37
2
332
9
421
333
56
104
24
1854
1828
1
2189
4
78
32
16
2327
44
1075
9
99
1461
491
15
4
109
87
106
1574
291
146
4
567
1330
116
55
1967
877
1
2240
82
696
24
30
188
13
25
30
170
123
6
260
1
2432
12
6
2
349
1597
144
1
13
2512
739
9
74
389
1
2456
59
3
1689
1909
5
15
19
100
567
75
3
2513
281
9
3
443
1645
12
1115
30
1631
63
1067
207
1
436
2
1496
1358
7
108
207
1
2380
21
279
195
4
1204
1398
12
2488
311
456
18
313
36
122
1
42
1254
2511
1676
246
10
100
432
1768
22
1
2329
205
253
255
335
189
56
46
5
81
3
234
414
1138
9
91
390
13
3
996
29
135
82
58
1366
1
436
486
2
257
1
711
4
37
187
843
113
61
1947
32
5
326
193
861
1072
1
54
7
45
6
1708
3
1465
1
2235
4
702
1
2453
4
1260
2
1758
366
1390
601
2062
12
1033
631
47
463
10
830
1810
601
19
6
826
1
2302
2012
426
136
8
411
1187
425
4
587
333
39
14
600
8
78
4
45
14
600
27
52
1
2304
2215
5
1364
18
189
8
1160
1379
31
68
209
408
6
350
3
1136
2549
13
1284
18
2
1698
9
77
1
231
12
6
1626
1
607
102
157
3
930
690
350
47
338
3
640
145
1
2536
85
2093
11
2
1898
597
1521
1
2272
12
2
848
131
204
77
157
1
2275
30
2296
78
4
258
99
1266
101
78
56
258
15
1
2358
406
34
18
2
1454
9
907
505
10
2
850
1
620
6
1656
694
867
1560
2
618
1458
1
715
2
201
282
343
204
77
450
1
2435
656
145
20
776
1841
17
237
584
1
719
2505
787
107
45
27
482
1473
680
606
1
2444
4
222
71
377
28
12
1268
40
873
1126
1902
1
2468
26
116
807
5
70
15
18
3
1852
5
1957
36
2
171
579
381
23
484
290
13
19
1
2478
17
100
857
211
19
41
1891
1
713
6
12
3
202
121
1210
1
2334
443
164
23
24
262
63
107
646
12
334
274
24
413
129
9
244
135
681
5
1705
12
633
8
71
2109
14
1865
1
2345
32
5
23
407
29
12
6
2
312
155
490
77
612
1
181
252
10
2044
640
1134
29
591
592
40
1013
1252
281
1
2243
22
90
31
27
2
98
1168
45
1011
10
56
135
142
71
294
1
2166
31
4
53
4
220
4
2
4
364
4
1991
4
376
4
13
4
2047
4
2021
4
4
1
2264
113
30
11
2
30
94
30
220
25
70
15
30
602
30
5
1908
58
2094
30
19
41
1784
1
2418
35
63
862
23
1
2210
43
1336
27
788
364
8
664
27
94
12
131
1
2193
1396
2002
6
1842
65
42
506
1
2244
2082
607
153
5
81
91
1934
629
16
23
266
1
2383
99
1373
164
110
357
14
218
12
84
1
2295
655
12
18
2
893
513
393
6
190
1
436
1864
20
76
660
134
12
1533
1
2307
452
1074
1339
508
1960
6
3
929
1407
17
217
1
7
242
47
5
685
1318
2019
36
52
205
31
7
368
1608
1
2255
4
109
71
151
12
1
1404
348
55
6
19
27
863
348
30
2397
1137
540
1621
6
813
47
973
11
3
1605
469
233
1295
148
1211
234
1762
126
1756
51
3
1292
11
3
1285
871
1
2363
393
6
37
58
1755
13
121
5
1798
1056
10
21
642
786
207
1209
14
894
106
393
22
683
401
1
2341
257
735
4
222
1008
252
1614
126
4
178
276
11
67
36
252
611
10
85
143
13
386
2553
1
2197
2073
662
2051
9
54
8
2027
1345
79
3
967
62
19
1606
552
29
32
62
19
25
662
1
2252
252
611
12
257
1
2163
26
7
50
60
1536
41
23
415
8
7
1607
157
177
1316
1418
30
4
202
8
104
35
2146
16
2356
1633
1885
205
1
2438
106
173
8
177
1
2278
311
185
4
518
114
22
118
1702
24
2493
160
185
80
1203
1652
21
1682
210
185
4
75
25
80
1938
6
24
497
510
1
2231
26
265
1140
119
574
630
167
68
630
412
28
574
1678
3
112
206
23
1711
162
1609
61
900
56
143
1
2305
286
33
7
387
9
755
27
358
40
805
168
9
54
8
43
1489
1761
1
2459
71
217
926
1405
161
2095
1
2285
169
504
34
21
1821
86
551
504
1
2316
116
1996
120
1397
119
63
1029
65
3
1394
168
9
54
8
82
1319
1
724
172
4
337
5
167
26
7
2102
650
3
317
2076
571
59
1
435
15
17
2
186
6
1027
691
11
1220
659
2032
1
2221
528
264
261
428
8
12
6
114
82
92
5
997
75
1900
168
9
54
8
63
302
373
1
2256
4
67
35
634
1439
2145
87
658
1175
24
63
37
107
995
11
331
196
3
420
10
33
3
266
1655
9
634
1
2185
41
7
108
11
1785
59
27
168
9
54
63
39
5
1212
1
232
1046
1222
1745
1
231
12
6
1051
1
68
1846
91
57
5
370
1313
254
1
59
8
91
2070
36
1981
649
1
68
6
361
168
2535
1177
2457
921
2
354
9
2
76
420
1
227
2499
4
278
95
53
1
227
2507
21
52
390
27
227
730
12
35
14
122
2150
17
916
631
47
1
227
2495
6
68
415
27
227
2485
969
172
1
2216
17
237
32
748
408
1886
1338
10
2
528
674
1058
1
2218
44
2
618
62
1
2462
458
121
41
1311
2490
9
2
476
502
1
2277
1551
26
42
689
336
8
26
20
509
991
6
628
10
270
15
278
595
954
47
10
163
22
1492
83
409
3
1644
1520
1
2204
37
1544
83
1430
1
2437
247
9
819
4
60
39
648
1
2446
2
398
825
19
1759
6
493
39
16
2387
2026
12
16
2561
1
2318
2545
6
2
138
2546
1816
21
525
1
2337
72
1839
12
145
14
141
1440
11
1
2340
166
17
22
1993
80
558
650
146
80
905
267
9
3
289
1086
22
1979
188
309
345
10
33
5
1850
36
2
1897
1
2348
596
4
67
742
4
67
7
21
1363
26
1577
295
487
11
24
920
1576
107
2548
2447
122
113
7
409
653
131
27
15
1
2404
1350
1840
851
28
3
482
1903
6
3
1674
397
7
109
33
654
9
1522
161
1119
24
1
2287
233
98
698
8
4
79
256
11
58
2088
5
71
15
40
1023
49
13
1658
1777
1
59
8
4
2087
14
168
1478
28
362
1
2192
2162
1163
220
25
431
5
2
1878
16
91
93
697
942
1290
36
345
277
6
214
110
36
895
556
16
2309
15
1154
751
1456
422
15
220
2133
273
11
2
1197
323
564
1
721
91
174
1
2443
448
20
2022
6
266
29
35
914
6
20
67
13
2
1763
1
69
139
176
377
13
2498
340
1
2366
2013
208
3
1503
1
710
12
6
114
878
1415
295
40
1
2
1098
9
569
13
514
1770
101
1769
38
677
250
238
8
65
1
721
4
37
140
320
1710
273
28
12
1
2331
3
150
1995
9
1914
34
1861
28
496
1567
11
378
471
1
2313
12
6
3
1164
30
2170
17
7
671
2
1687
10
7
388
115
400
1
716
4
41
60
9
115
66
1537
1904
8
1772
117
164
10
1942
624
511
38
615
1
2441
15
321
47
162
1198
82
550
1
2423
4
46
615
417
1
4
46
351
346
5
33
31
25
1351
1
4
46
418
5
33
389
1532
1
4
46
115
1
727
12
6
31
270
14
1598
1
404
294
246
5
165
62
430
1
42
88
19
66
86
77
134
73
1
2289
3
141
79
256
412
233
641
427
40
15
1
14
1375
1487
18
485
9
15
5
379
15
40
64
256
1
1563
20
643
902
1
2200
4
33
157
12
609
488
154
11
14
57
470
938
8
1315
8
10
73
378
827
178
118
2520
98
263
1
283
1
2461
72
152
2
324
11
12
2142
1
434
321
47
5
12
1570
198
11
378
471
6
21
1601
1
14
489
10
530
93
49
5
248
55
461
875
1
2373
95
359
11
58
598
477
11
351
346
1822
15
1183
359
11
58
598
477
11
351
346
1823
2114
1
437
347
12
11
309
1121
744
1193
74
198
1
720
26
7
1493
58
1747
943
85
376
7
11
541
10
1300
2033
1
2455
1063
30
1247
1
752
16
2125
16
803
14
1619
3
1434
16
1020
354
9
323
18
127
16
1857
16
1858
915
3
16
590
1824
13
1
2311
82
550
785
14
684
28
27
2306
14
666
639
140
91
526
8
1352
5
87
68
6
529
402
1
2433
113
78
14
1249
516
12
5
15
1
2328
191
32
151
2
198
146
56
52
1437
33
935
8
1237
8
101
604
8
7
76
1804
1
2473
13
621
1
2283
2
771
317
38
1392
1992
1
2284
2
244
620
966
2053
13
1354
3
84
38
2139
1832
3
1025
2031
836
584
2531
937
1
283
1
228
61
34
677
15
289
73
19
63
2519
1239
29
4
142
221
10
63
1627
545
2
150
951
2056
1401
95
1343
1
2208
15
868
5
70
2040
49
9
3
950
1
2425
782
588
373
56
593
2494
8
1845
588
927
1324
5
2066
311
300
148
642
14
103
4
1111
298
172
100
1181
23
1
2354
17
7
242
47
179
3
137
49
10
20
122
1538
7
9
403
7
78
2
137
145
1
180
1
439
92
5
169
426
674
53
1
2543
6
24
2502
8
2529
6
24
2482
1
29
248
729
34
1843
729
1
2421
15
12
1778
2141
131
15
58
603
583
1
2214
918
363
22
109
1402
475
43
32
367
13
22
1
11
315
675
23
1637
1
2452
2
978
33
15
412
27
722
1274
15
1
36
20
635
1
118
1881
1
65
613
3
357
1
180
1727
24
1519
2036
11
117
9
519
331
17
4
1009
1809
10
265
1969
14
289
300
1
457
4
287
578
831
2024
1
2169
1
2220
139
140
148
1916
880
8
315
6
148
66
86
7
1807
41
70
3
1494
26
56
46
8
315
79
2
150
76
354
1
2236
1
2310
3
2557
314
200
2135
1873
1808
10
2126
1
314
313
1534
1812
10
1611
109
1242
81
2131
1
2253
3
2042
289
29
1312
1432
10
325
946
1
2442
480
161
2
579
8
576
120
2
564
10
133
222
379
14
1827
11
14
1296
234
154
10
73
12
1835
6
1610
1
2369
13
74
271
1
722
4
90
1
4
302
133
1
1649
1
29
2
382
1
371
1
3
137
1146
1
10
1696
5
1794
1
3
537
9
673
1
19
1
6
2413
17
22
108
284
1001
28
2
215
9
2
48
1
2297
20
103
37
2097
15
26
44
549
1
2247
32
5
23
407
8
29
1554
76
143
13
12
144
1
2300
15
4
60
14
1905
2007
37
212
25
5
2
25
1624
264
811
1310
10
883
14
1485
120
2
1
2209
605
2
94
47
7
1393
78
115
30
711
2011
36
20
1913
1
2263
35
1158
34
1862
11
1921
19
276
37
1079
7
1320
193
241
1530
810
10
1015
1796
10
19
1985
45
1
2338
32
965
31
3
1803
2157
85
90
39
19
886
1
2257
17
7
302
140
398
18
2
1950
10
1216
10
20
571
2099
1
2294
95
559
4
2098
2
218
2
834
27
145
1238
105
288
120
105
419
51
1349
9
244
911
43
628
29
924
1
2241
4
269
17
958
79
37
39
1927
1714
54
19
1681
397
1677
1
2325
68
1557
1
304
1
2178
2541
1
2299
486
2
952
5
23
577
13
52
1151
1
2291
1068
1801
3
1877
1342
19
110
23
14
948
1
2286
1851
26
3
141
6
28
2
394
454
49
19
6
32
20
366
5
2110
105
36
20
800
626
1
163
3
141
580
11
1
2391
149
159
645
691
36
2
860
18
10
192
321
47
28
148
11
2
559
5
2
625
1436
249
2034
1
2374
1159
932
52
1
1901
1667
34
32
2
158
65
30
203
1754
30
2
820
9
2486
2207
310
653
2008
169
164
1
2377
368
2
279
148
268
9
20
235
23
2
1251
854
7
33
176
467
13
16
2424
200
3
110
1789
86
972
10
2
1302
30
599
188
1
304
262
14
1603
19
254
1
2269
520
9
2
292
245
319
18
637
101
11
2
568
9
129
1207
320
10
2
1395
37
1953
10
1662
217
1463
1
2232
25
4
140
399
2154
1919
290
1590
339
1
2479
4
337
380
35
61
41
329
2123
96
1
2279
17
7
33
327
547
95
2500
98
992
11
2
158
240
25
6
53
5
2151
2
170
209
1964
1
1564
1
2259
4
140
1495
3
578
1646
1661
1
719
44
178
102
1797
431
680
606
1
2280
42
1983
40
363
5
115
177
2569
1
2319
3
240
179
2129
2501
585
296
79
478
82
2514
585
296
272
24
1378
1
74
155
248
2104
28
1
2203
274
26
7
60
4
432
1584
3
1272
5
70
538
9
14
138
526
192
83
1757
134
425
4
484
414
1
439
169
6
210
5
1751
5
116
32
11
169
1
24
750
4
166
14
57
648
29
44
224
208
2
174
897
1
180
513
149
379
493
131
39
35
203
2
343
6
947
5
108
49
30
25
112
23
655
11
126
795
1
2260
1386
1543
1331
1
2406
43
3
1585
818
26
100
622
3
686
1147
5
1887
769
359
1896
1
100
78
105
589
1
12
609
6
874
1
2271
152
1084
1700
1077
3
473
1334
64
2100
13
1191
5
212
3
1287
686
5
1246
1
2314
4
46
3
443
2395
4
88
5
132
2
186
1
2177
1546
64
19
372
1
21
372
19
7
766
702
165
40
3
292
447
945
21
2077
39
51
56
341
1328
1
2386
404
18
1982
1167
8
531
953
240
1
2440
1701
12
2018
131
1
2224
1559
1829
908
9
604
8
1968
1973
1707
10
1502
1282
29
167
1143
12
1870
16
2292
14
296
6
478
1
61
1435
403
1
840
993
1
1406
1176
18
52
1060
1
922
13
420
1
2239
20
1736
1294
3
103
55
371
3
456
212
2048
11
1103
1
2265
45
32
196
26
7
411
1004
28
2
974
1728
1944
1323
8
31
1100
42
200
2
488
138
1
2168
31
78
22
211
1169
647
68
219
175
11
1130
159
1
2190
32
5
1014
2
1779
13
149
29
687
1946
1776
274
1
2268
113
85
7
45
19
5
386
16
435
4
682
2504
384
539
1
1691
1
1773
1
384
539
1
2258
368
2
1101
9
2
560
400
18
3
186
28
1286
2160
198
1180
1732
2518
8
2530
39
2
186
9
2085
732
1
2320
4
213
2089
1
2211
172
4
332
1958
1648
1205
373
129
792
1
226
45
4
104
24
4
212
3
1
2415
31
3
424
48
5
32
23
11
285
117
1
2322
44
3
636
688
11
1083
20
256
10
37
516
25
146
1460
5
1082
32
87
31
7
135
202
51
31
32
1
2382
72
344
1
165
1550
55
12
358
6
1
68
6
62
55
1539
2
201
1855
5
14
1035
1
72
344
1
2249
128
76
1943
129
551
198
1
2467
1174
445
154
1
2206
13
2117
55
6
208
3
96
48
207
6
3
324
9
14
375
2006
348
95
53
4
108
284
10
961
614
1
2245
96
162
2020
136
216
8
777
51
637
1109
6
2
1635
155
139
387
77
16
33
3
395
48
149
16
2281
901
885
483
211
869
5
75
1868
11
2565
470
279
137
1
2403
118
2489
268
120
2
189
1234
42
34
18
2
2009
9
1335
320
10
1355
34
11
988
9
58
694
296
1
1150
2188
12
144
514
3
382
35
5
521
3
789
1
42
34
18
12
216
246
1
2405
26
20
3
141
10
745
67
13
12
5
392
1
2399
89
51
111
16
89
51
111
16
89
51
111
16
89
51
111
16
89
51
111
16
89
51
111
16
89
51
111
16
89
51
111
16
89
51
111
1
2298
26
22
50
347
80
3
340
1549
17
33
22
77
157
3
685
1876
80
2096
13
96
271
26
22
1548
12
1743
1565
1
708
896
9
2
48
301
261
428
1
7
50
570
61
38
701
10
981
219
392
38
1918
1
720
4
79
153
21
210
32
5
517
49
1433
28
2516
17
4
518
12
279
137
1
2312
106
199
623
48
5
15
4
67
22
1
717
665
180
20
881
219
108
5
780
1
45
7
90
35
1326
42
87
2566
27
42
34
20
61
1
1915
1
708
64
2532
8
444
8
10
732
6
1875
103
1
330
310
5
33
25
246
29
7
213
330
263
32
5
1
2430
4
60
12
6
2
1233
155
139
387
11
3
1384
1
2282
12
6
14
138
1733
324
9
54
53
1
2164
31
7
32
39
5
45
6
1062
74
1994
18
82
2521
2120
1
2323
94
149
1
716
12
79
21
410
43
210
5
175
25
612
1
37
833
1099
10
410
1
2372
1080
49
5
2
103
11
2
2086
13
652
55
480
5
91
623
133
652
17
2
763
2550
1984
1
2288
2526
80
14
1735
2050
596
756
1202
4
166
17
61
50
326
1226
619
1
43
83
32
80
235
1447
781
1
2195
1507
84
6
276
2
312
76
84
9
20
1587
1752
1
2225
214
2
216
402
39
1542
126
42
54
176
467
330
203
1
2336
1951
6
110
86
1217
1
2454
812
353
1
2381
119
31
21
118
1162
34
2136
5
998
48
36
1124
1
2342
55
1945
12
356
13
891
30
4
37
187
336
1
2266
21
563
30
1125
553
45
846
30
853
21
847
30
4
88
3
845
1
3
13
117
1
2379
16
196
16
214
26
7
60
82
683
101
837
16
293
258
7
101
3
632
129
48
16
10
6
325
1531
1
2351
113
178
4
500
39
2
627
17
156
280
92
5
23
62
1
715
2
201
282
343
139
77
450
30
439
285
1133
23
24
849
1132
6
294
839
339
23
24
2517
291
10
2537
565
474
42
1370
11
1
2389
17
100
1050
1448
1
2470
3
399
494
1089
1372
15
5
45
426
693
1
2401
59
4
582
19
1218
152
859
753
1
231
12
6
651
1
68
1692
3
1612
1
1347
39
31
7
60
9
25
1
2540
43
1838
8
651
1
2412
45
7
33
429
1275
121
24
1112
211
3
1970
91
1357
121
224
24
483
1
724
55
2
94
1986
216
1144
319
1
2332
1805
1
2213
247
18
1188
1
180
172
4
112
1059
22
1
727
26
62
66
1791
328
5
108
11
14
57
10
94
131
47
4
337
5
167
595
1000
1
2229
43
1528
1499
48
59
21
404
41
1500
14
76
300
1
2357
31
2
94
6
92
18
24
633
1
2449
4
142
24
1353
61
8
29
204
552
160
1484
51
82
1199
35
695
14
122
2105
160
55
81
25
1731
1
180
50
318
3
223
1088
7
50
24
2
223
1
2429
87
128
7
8
7
841
172
1
2439
1388
1998
2
2000
2103
11
3
1724
268
10
2
736
1529
176
245
1894
14
150
57
1
2196
4
75
21
1329
17
116
1289
15
17
44
302
1019
24
264
1070
44
342
2487
11
3
2496
280
74
405
1
2315
44
342
26
508
934
7
4
576
28
20
1442
44
37
153
5
132
459
2039
34
55
1
2234
2
238
9
2130
663
110
86
2539
1422
1113
1847
2
627
9
193
389
221
422
1925
1802
1
2251
162
362
362
546
546
185
185
2436
2
1474
2078
1369
1
706
21
5
2
1686
19
34
499
405
5
768
1990
1017
8
561
955
8
10
463
1811
1273
1
865
1688
1
2219
179
2509
98
8
1367
1
1153
6
1642
40
507
59
1
507
112
269
7
16
704
2367
1
2471
1693
1814
11
1377
34
73
2
1325
1491
1575
1145
1185
38
39
2544
98
1
191
133
5
23
2510
1
2396
491
3
141
35
282
100
6
5
7
6
62
9
2
174
127
7
41
45
13
105
1
460
7
335
105
8
202
25
1
2450
2
1376
757
1518
1586
1297
79
1173
1
2339
1389
586
1834
994
177
2023
586
2
532
2067
29
134
134
134
14
1844
2113
5
1517
1305
1
21
572
61
464
903
1788
59
44
1820
25
1
2349
286
156
1837
316
25
24
11
3
292
19
2057
11
170
123
1
706
217
656
2140
670
103
4
166
1118
421
87
103
4
79
21
217
380
35
4
1793
284
35
41
22
70
1231
11
1
2365
113
33
4
371
12
1
2370
26
7
50
90
31
2
94
6
92
18
1
2321
121
12
195
1223
47
5
2
1244
36
193
399
971
956
1
2333
494
541
6
107
87
772
8
11
458
1
35
34
7
32
1556
1
2416
17
43
199
1076
48
10
83
58
118
1954
1
100
79
3
1668
19
42
887
13
1639
1
2388
286
35
681
281
9
1729
96
13
236
81
3
76
123
10
70
2
1948
5
23
3
74
382
64
30
1506
1
2223
1806
462
245
13
962
10
73
68
6
1792
1
370
2080
1748
1893
36
61
28
2
394
6
14
1703
1
2465
160
34
1426
29
646
5
522
12
41
165
418
36
1545
1293
1888
1
1106
980
367
13
95
1966
1
707
2
2132
1206
1227
66
86
2528
9
2
453
1307
1
25
209
66
86
613
9
2
453
505
275
925
1
442
285
1713
1650
451
1
2409
262
99
327
1
2375
21
17
2119
580
1562
1479
191
1541
499
29
17
4
45
25
28
2
394
44
1157
2
1255
27
1054
1
2326
2534
904
278
11
2
298
1
181
17
7
1931
49
3
472
1929
423
2
472
1930
1
442
31
34
7
16
27
440
29
31
39
569
1092
1090
73
194
2017
1091
73
6
53
5
520
1
109
647
116
5
188
18
7
1
438
15
65
3
144
1
2422
665
1895
34
32
1178
5
423
3
1462
101
2161
20
1229
11
545
5
1192
189
6
3
1910
1
304
164
99
291
67
1291
1
125
783
14
616
1665
793
38
2
2065
11
1572
9
625
1613
173
749
1
723
144
1094
21
22
50
334
13
25
29
22
87
1341
9
250
33
25
27
1308
801
102
108
700
3
144
36
1424
1
2176
194
1799
7
537
9
1087
4
328
5
509
2
1228
1628
553
29
37
81
386
104
5
2
277
325
1214
1
2317
28
1940
145
56
2149
2
215
5
1368
6
25
1717
27
15
4
33
52
76
205
1
2480
361
534
6
276
1787
2045
1
21
21
21
402
13
169
1
191
32
939
14
1746
34
959
1
4
255
33
519
210
703
40
2
2128
9
154
139
287
5
2029
14
1340
12
1288
240
1
184
1346
34
7
341
917
178
4
1
723
28
1818
4
455
26
56
33
1444
102
287
1445
29
219
46
105
5
60
44
844
19
1
97
1
2205
26
4
293
23
693
381
299
3
194
353
1
667
381
23
194
30
8
10
3
353
4
33
352
1
2410
17
80
2137
5
1971
29
22
67
250
1
147
2560
128
22
1
1429
1
2385
183
4
24
20
1553
356
1
135
457
57
85
71
1504
14
300
1
2431
119
52
8
32
1884
1509
1
441
6
68
341
273
27
147
1955
50
67
703
56
67
2
164
40
251
127
1
229
251
127
126
764
1
2250
4
50
90
31
1547
75
365
13
829
48
44
500
49
1
707
515
333
39
35
515
92
5
143
146
20
1558
219
175
11
170
123
1
2466
31
58
1571
1
802
882
16
2555
1
2427
317
737
747
12
1303
6
778
16
2420
2
239
383
797
542
18
170
123
37
1815
1
2371
2
239
383
1184
82
170
123
798
542
1
10
2
1596
8
1935
1171
10
1464
1120
1
37
332
7
1
184
26
617
1825
81
22
46
5
423
3
963
10
93
487
233
1749
98
9
117
78
22
135
152
617
1
229
369
416
1860
1
229
1890
1972
36
234
345
277
18
2
1073
889
1800
1
229
369
416
30
124
369
1690
416
1
2165
4
41
350
7
11
3
1419
30
1036
11
773
30
3
1248
1
2417
43
2115
2043
21
7
90
4
88
165
1
438
66
1250
16
124
1322
1933
34
2
312
155
5
77
23
1527
1
725
196
1194
1524
1
226
4
269
22
1
2398
4
46
115
842
74
5
392
134
73
1
229
1411
1409
1455
1911
28
741
535
1874
1264
1457
1381
1
440
2390
27
66
24
1819
383
1
1477
1952
288
6
31
4
275
13
1
226
1127
852
6
18
3
150
138
1467
1
718
347
13
74
271
1
438
2152
1179
15
1
184
235
72
72
8
2041
69
12
6
3
349
524
536
8
26
7
46
621
11
235
1
125
503
465
1230
1472
249
1
1170
1974
1715
1
184
593
501
6
1679
2497
2108
8
2508
538
8
445
1034
8
10
2484
1771
501
6
1680
1
225
26
7
140
1042
59
1
181
95
547
11
3
349
1760
7
108
700
430
1872
314
1602
18
2
158
2092
1257
65
20
1309
1
225
139
814
54
84
5
531
12
1
2238
35
572
291
899
171
27
2408
4
88
12
144
11
14
57
1
69
17
7
75
19
42
88
5
336
928
29
25
649
47
64
39
363
1
226
1566
982
13
1719
92
27
124
6
25
2155
5
318
3
1632
179
59
27
425
12
6
968
1912
1
225
17
22
87
80
92
5
70
58
603
1356
10
242
47
309
602
583
1
2201
12
1483
272
24
2
2025
9
61
645
120
1591
1259
1
225
14
200
6
1508
299
1510
1
2
299
1007
13
96
923
8
1718
65
1592
8
913
65
401
8
119
14
167
8
490
14
177
1
181
15
65
3
734
84
263
4
166
1061
1
506
1767
16
12
1666
619
6
2112
73
1
2270
1235
1360
23
309
565
203
1
2477
4
37
187
152
129
1579
557
10
658
384
1949
10
23
54
1863
47
245
575
9
2035
1
184
43
2
201
765
53
9
2
84
1
434
2138
654
331
16
2463
561
1
119
14
167
1
728
1
69
17
83
151
534
216
10
22
50
46
2
1236
5
1002
29
22
224
50
46
2
1232
5
143
1
434
190
1
69
17
7
388
115
93
1997
11
2
1853
29
192
7
159
7
50
221
784
7
275
101
143
1
4
46
5
2481
1651
21
68
1490
35
4
213
1
714
183
184
128
22
13
1142
15
40
365
1
83
498
86
7
60
4
175
11
7
16
181
1412
941
2134
21
44
1468
7
211
326
20
1987
18
2
334
8
265
255
1742
1988
283
1
2362
4
109
188
13
2
48
19
403
644
120
355
1
97
31
45
7
46
13
171
27
2376
12
243
1750
15
2
174
1
97
12
6
21
1149
10
410
1
97
75
22
3
103
19
112
23
3
1638
36
22
1
182
238
13
189
27
6
24
27
1141
1999
13
1277
1
228
17
57
622
7
1470
81
1471
1281
1956
775
1
125
960
799
18
3
1615
1
62
9
14
1734
322
1
2407
104
28
99
1497
153
5
344
3
419
1
2400
4
46
5
175
156
6
3
253
49
156
37
13
15
1
4
46
5
175
19
4
1753
5
23
156
13
19
253
1
442
4
187
605
20
1620
16
2172
17
83
1481
11
20
259
10
7
1053
288
294
40
2
1498
1
181
142
678
236
3
1739
9
251
127
475
740
176
1977
38
2
414
1
147
43
669
221
581
32
293
221
581
1
220
265
60
39
2
1441
9
12
1269
27
305
2
323
1
97
70
3
366
49
9
20
986
48
5
37
2147
99
1270
9
1685
19
34
174
122
1
717
318
3
2061
1096
13
3
888
8
56
1148
23
1782
8
56
133
1
2228
15
273
13
14
112
5
275
1
728
1
228
26
22
34
624
3
357
1032
192
72
71
38
3
1443
2124
1095
10
37
132
26
22
824
36
62
9
2
194
1028
1
12
858
40
183
209
176
770
11
476
502
1
97
933
1581
372
2492
15
1
228
127
4
85
23
26
4
806
1408
1380
866
1795
758
760
731
828
730
1939
892
1869
2107
1
2308
1573
8
521
51
1775
2
1262
9
35
7
255
329
51
23
872
1
159
19
1
25
1052
214
110
36
2
1561
128
7
16
124
106
173
183
385
43
1721
36
575
9
1540
288
1
128
7
1382
1
714
106
2533
173
183
385
20
48
6
395
1
308
106
173
5
99
327
529
160
1766
64
1475
2570
1
2233
54
148
1726
1962
18
251
912
1057
936
1555
1374
141
55
689
1022
55
6
2071
1
182
41
4
33
3
975
1856
8
29
13
24
8
2091
1
2276
823
54
137
1
2563
2567
1
2353
21
12
6
31
1595
272
24
1
2343
130
6
298
11
2
548
13
733
16
2230
17
7
132
20
174
632
1
2180
12
355
272
21
1279
1
2290
479
657
44
671
8
114
34
22
27
15
119
4
132
832
657
34
22
2
358
11
2
568
9
2
1166
27
15
448
401
1
114
7
28
910
1
97
3
1516
11
391
36
3
964
18
485
6
2
1459
4
88
5
23
374
1
2346
26
22
1453
1924
22
41
388
15
32
1975
1
2273
636
688
11
52
1889
52
71
28
71
1071
1
97
3
532
2068
6
64
587
1535
3
1421
13
1117
1
12
270
14
1599
185
440
72
1
72
8
4
2060
9
7
1
72
14
122
1
52
66
1
4
222
45
25
2118
1
72
1
72
52
66
218
1720
1116
206
16
2261
406
533
692
11
319
1
2226
158
1
705
4
88
5
93
5
138
738
1
2184
26
444
511
418
669
123
2
608
10
566
11
2
1114
8
43
53
5
1182
2
608
10
566
11
2
1
147
35
267
18
3
1139
9
62
5
931
85
22
24
5
2052
19
4
41
906
3
635
690
136
250
1371
1
2199
297
495
8
679
1
441
104
28
12
822
218
1
125
3
48
11
2
57
38
2552
1
1104
1280
1438
1600
223
1582
2571
18
2
1961
2503
98
698
59
16
1
2474
984
1
718
1706
109
1041
54
352
29
191
3
395
1012
1
433
468
21
33
7
1848
31
7
46
27
15
3
186
19
280
2
241
25
6
73
468
549
21
24
3
2028
1362
1
305
794
5
2
1003
1
69
43
696
19
53
9
2
84
1
709
2106
199
360
1
147
17
116
678
22
3
1669
1716
1
124
4
90
7
67
2014
8
130
121
10
1021
548
16
1267
162
258
38
492
6
114
43
2090
299
156
101
23
614
1
2451
2
1172
2525
1
2181
1317
1
304
11
675
83
208
3
96
48
207
34
129
177
406
64
415
1
712
1552
12
594
1643
38
2458
1515
1030
2005
214
2
1431
1738
5
193
641
16
2564
1
2173
391
523
1
305
1161
554
1
2194
137
1065
1
2212
203
8
29
767
3
196
1
307
1010
48
36
3
138
385
8
376
96
1403
422
10
33
1741
13
3
110
190
1
433
1
2476
195
957
1
2419
152
12
2101
130
1253
81
58
594
1480
5
1128
3
1155
1
50
163
15
290
1
125
676
223
249
469
1417
2559
1
286
269
7
1
705
496
28
2
1640
1978
1
2254
2
1256
2063
1304
1
97
26
12
280
15
380
31
6
1
1
35
78
56
75
12
1123
9
361
1892
1
1
307
57
6
21
267
66
424
17
7
1704
18
2
74
281
9
2
96
1
1
128
7
1420
1774
1
305
2003
10
855
1513
554
1
433
17
83
577
10
20
592
295
18
1
2472
661
555
6
661
57
1
226
4
85
70
3
1201
1129
5
14
2122
13
25
5
23
195
190
1
124
45
7
33
3
626
59
52
8
44
37
464
14
1514
13
629
1
125
1871
38
2556
4
46
7
5
1337
8
17
44
32
692
30
704
102
8
77
212
47
1
2081
589
121
130
1
2568
1
124
64
540
3
940
6
338
58
695
155
1
125
2562
249
18
3
734
985
616
1
307
460
6
367
5
23
112
301
1636
298
879
1786
1314
1
147
95
53
4
104
28
316
870
4
178
1449
119
452
4
78
32
90
160
1976
2158
115
21
497
65
94
1
4
2111
7
224
1
1
2182
43
2506
890
44
32
1048
796
1047
2049
1594
2
1588
7
41
75
1
2084
43
53
30
2475
446
8
473
38
2460
1
303
14
489
10
530
34
92
49
5
2
339
1525
11
2
701
28
117
59
2554
1
1
2402
555
6
1425
1
725
310
2046
1672
270
3
1511
1
687
16
147
1
2347
503
465
676
223
243
38
125
1
307
4
2055
18
3
2069
36
1399
1622
8
944
1064
8
10
3
297
419
9
1684
151
2
804
1
2364
71
544
1
544
1156
429
1965
7
33
9
64
106
1
7
60
20
241
49
9
1617
1
37
672
1
230
1006
1301
18
1486
949
197
38
2217
1
2350
1037
2
1055
1664
202
2
201
1
69
4
109
71
377
28
12
1
303
26
447
762
13
25
8
7
663
25
1
306
591
1737
1271
1108
38
1817
790
1
225
12
1
303
50
77
163
236
23
2
821
9
430
1278
2038
8
7
34
498
86
19
1
230
1568
400
8
746
199
360
197
38
2426
1
69
1038
102
123
1
2394
35
5
1224
161
3
1298
9
1043
1928
533
130
1
2
260
1195
42
70
987
1
182
4
135
222
417
365
17
1245
38
1659
295
18
1
2448
153
5
466
179
1476
48
1
124
4
37
187
1482
11
3
1263
9
1221
1
232
1963
9
2
1629
1
230
1723
970
136
1569
2054
8
2079
197
38
2411
1
306
990
51
424
238
1243
1299
38
1980
1423
1
232
91
375
1673
28
2
215
30
232
396
396
396
1
230
50
1697
5
2010
1
297
495
8
679
197
38
1213
1131
2384
18
597
1
712
163
2
1882
2059
16
42
34
62
562
427
40
2
1327
1005
130
257
16
232
253
165
12
103
1
306
989
2156
1647
62
8
1105
1654
8
10
1400
1
182
12
6
113
4
50
481
1725
2004
16
69
301
1634
39
105
407
57
1
437
41
25
23
195
190
1
230
2
1391
241
136
446
199
360
197
38
2335
1
709
391
523
1
437
15
179
454
49
13
233
1385
1
308
21
267
5
45
11
338
375
53
1
306
1917
10
1359
1907
38
1410
1
2186
17
57
2064
449
8
1781
1258
1
244
1
303
130
1040
54
9
14
352
1
2237
1
1
182
2
118
239
171
599
23
208
12
84
6
64
983
11
3
259
36
239
61
1
1
441
1078
15
20
254
1
31
33
7
408
1
2187
1765
2
815
1
69
1414
1241
34
206
21
282
5
15
1
2246
58
1526
1699
1899
248
55
34
1830
5
570
8
1190
9
53
8
355
8
10
1936
1
2352
1653
1580
644
11
2
1306
1
206
15
1
2175
3
1604
1102
9
774
1
308
183
14
57
1
7
1018
1683
451
262
1
2359
1501
1122
38
1932
2016
1
69
2058
3
374
1416
1
2414
417
236
8
70
118
31
7
88
40
25
1
16
69
4
1859
61
161
1215
33
3
510
1937
142
481
2116
3
1045
4
301
1740
3
254
283
1
106
173
308
1593
16
2393
7
242
47
17
7
143
11
3
659
146
7
50
90
31
1618
364
1
2355
17
2
979
670
2143
1
2198
264
43
1450
69
153
5
75
20
1867
428
24
1
2360
31
6
838
909
1730
27
590
1
2428
1135
557
10
672
27
1
97
15
2
1764
562
9
664
1
2248
12
112
93
290
65
62
9
2
1616
1261
1512
11
1583
1
2361
266
328
809
8
24
63
107
1016
444
18
3
512
1413
17
4
293
1783
37
1283
2
1709
10
1361
161
1428
1
2293
35
42
213
39
429
1657
1066
6
2072
18
35
42
104
28
25
8
21
23
1387
9
19
1332
1
2445
4
455
35
1365
1
1024
218
6
1
1446
206
1
2344
52
1
1813
1
2324
2
390
898
75
15
95
53
1
182
292
1922
48
27
65
26
42
411
33
405
94
2015
1
