1
13
1
0
1
38
5
0
70
11
1
1
9
6
8
0
0
12
0
1
0
0
14
10
0
0
1
1
0
0
18
0
9
6
0
0
54
0
9
0
1
1
1
1
1
1
0
1
20
8
0
0
24
1
35
0
1
35
1
10
0
26
1
20
45
5
0
3
0
0
1
1
32
0
1
7
0
55
8
0
0
18
3
0
0
0
0
1
1
1
43
1
0
66
15
25
1
7
52
0
10
0
5
51
0
0
0
0
1
38
2
67
7
2
0
0
75
1
72
1
3
46
6
16
2
0
10
0
6
0
22
28
0
0
0
13
0
33
1
0
1
0
0
0
0
30
0
0
1
1
1
2
0
4
74
0
77
0
77
4
19
1
1
1
0
1
0
1
1
0
1
0
49
0
0
49
0
0
1
0
1
1
11
0
0
0
0
3
0
0
0
0
62
0
1
10
0
0
31
0
0
0
0
2
67
41
1
1
1
1
1
7
4
0
0
1
0
1
0
1
1
0
11
64
1
1
2
0
36
15
0
28
0
0
2
27
8
0
0
1
1
2
19
8
0
0
0
0
1
1
1
63
69
34
0
9
0
5
0
0
0
76
5
0
1
1
1
0
0
1
7
40
65
4
3
61
1
0
0
1
1
1
1
0
1
0
1
7
40
65
4
3
61
0
1
38
5
0
0
0
0
0
12
3
0
18
56
2
0
79
12
13
1
1
1
2
0
0
24
0
1
1
0
1
7
23
0
0
0
0
0
1
0
4
74
0
5
23
0
18
36
66
0
57
0
75
4
27
5
37
17
20
0
1
1
17
0
1
1
1
1
13
0
17
0
16
0
6
50
25
58
22
28
58
6
50
25
0
1
0
1
1
0
0
6
0
1
0
8
0
24
1
1
0
1
11
1
0
11
13
39
5
15
0
22
18
13
39
5
15
0
0
0
1
2
0
21
0
21
3
0
30
0
21
23
68
0
0
1
0
11
57
1
7
4
0
16
4
0
71
23
0
3
33
0
1
82
1
1
0
1
73
2
27
0
3
33
0
1
1
7
0
44
16
4
78
0
22
0
12
79
0
1
82
1
0
6
36
29
0
7
4
0
19
13
5
15
1
0
1
0
1
0
0
28
14
0
1
1
0
1
1
4
1
47
60
0
14
0
1
2
59
1
0
1
13
1
1
73
2
27
0
3
0
0
80
10
72
0
1
1
63
69
1
34
0
0
0
0
0
1
1
0
0
39
0
0
0
1
1
1
7
8
0
44
4
1
1
4
1
1
19
1
0
12
10
26
0
1
1
0
11
1
1
1
0
1
2
19
9
47
60
1
0
29
0
56
1
0
0
24
21
3
0
45
30
41
0
1
0
17
1
1
1
10
0
6
0
0
0
5
15
29
0
0
18
0
0
0
16
62
68
0
0
31
0
1
43
1
9
1
35
1
13
1
1
0
1
32
1
0
0
30
1
2
37
9
0
1
0
78
0
52
14
0
81
1
0
1
0
1
17
0
5
0
3
0
0
55
29
70
1
3
0
0
12
0
6
8
64
0
0
0
1
0
0
14
0
0
1
0
1
1
0
1
7
40
0
80
4
41
1
0
6
10
0
0
37
1
1
0
9
31
0
5
14
10
0
0
0
1
1
1
0
0
81
1
32
0
1
34
1
17
0
0
15
3
0
12
26
22
51
0
6
16
8
0
0
11
1
0
11
21
11
0
1
1
0
0
71
9
1
0
2
59
9
1
26
6
25
8
0
12
42
48
1
0
20
14
8
53
1
0
20
8
53
12
42
48
1
0
1
76
1
0
9
6
3
54
0
46
1
0
1
1
0
1
