7
0
3
0
0
0
0
10
0
176
5
77
89
83
185
8
29
1
69
4
1
193
0
2
97
0
4
1
190
49
14
1
195
6
30
0
0
8
6
0
44
0
2
45
1
0
3
1
0
3
4
1
0
0
11
10
1
0
0
0
56
1
0
3
63
0
0
196
12
94
13
1
0
2
14
7
0
0
49
3
80
7
0
106
40
9
0
11
197
3
0
105
3
0
3
105
3
101
3
101
3
101
8
4
20
1
0
0
5
4
0
45
36
51
0
3
79
124
121
68
0
147
0
94
3
79
159
2
0
0
9
0
173
3
11
170
3
0
3
12
1
0
6
0
8
0
3
109
5
0
0
0
0
0
17
0
2
0
13
1
0
6
7
0
2
1
0
143
9
0
0
108
11
104
33
29
38
0
8
4
0
1
0
0
16
0
12
1
0
0
56
0
18
0
0
5
1
0
31
9
102
2
49
1
0
6
1
0
192
2
4
78
3
43
1
0
0
2
0
103
9
0
31
86
0
0
2
0
35
157
0
4
1
0
0
2
16
22
3
25
3
4
120
0
0
8
0
14
10
0
71
2
15
0
14
16
1
0
0
0
2
4
0
0
68
1
0
0
2
39
0
1
0
0
2
181
12
1
0
0
2
76
188
0
40
7
0
0
3
0
3
29
7
0
0
5
19
172
1
175
6
1
0
2
0
3
0
3
85
3
0
3
0
3
4
0
6
0
2
96
6
0
3
42
17
0
4
17
0
5
149
1
0
0
5
34
0
41
0
13
8
1
0
0
0
19
1
63
0
0
8
13
1
186
23
75
5
0
3
0
0
5
1
0
12
7
0
7
0
127
2
97
21
1
0
0
0
5
62
207
62
3
1
59
48
160
3
0
201
17
26
0
4
0
19
26
144
2
4
37
84
140
0
0
81
64
8
19
7
0
0
15
192
0
7
163
2
75
0
1
132
2
0
1
0
4
0
0
8
16
111
14
0
10
185
5
68
1
0
0
0
11
20
0
1
50
65
6
1
178
0
0
51
78
0
93
36
200
2
7
167
0
82
0
102
3
7
167
0
0
40
9
0
67
9
152
42
0
0
0
5
20
17
7
0
0
2
4
0
3
1
0
6
1
54
0
93
0
0
5
0
0
0
1
72
43
0
197
2
0
15
196
6
16
0
53
2
7
163
6
1
114
6
174
3
28
161
14
19
58
0
0
5
38
25
129
0
0
2
23
0
151
0
17
1
0
0
6
1
0
98
5
59
205
39
180
3
4
35
0
0
2
120
0
0
6
1
98
3
4
1
0
2
0
116
1
0
100
1
0
152
2
32
181
32
1
0
22
0
2
15
0
3
0
9
0
0
40
0
0
9
0
0
40
0
5
4
0
3
134
3
146
144
134
3
0
0
6
1
194
177
34
118
1
182
4
7
0
22
12
1
0
2
111
0
0
86
0
99
55
2
206
89
136
88
1
51
6
7
0
3
50
4
74
2
0
12
1
0
0
2
71
55
33
0
29
7
183
130
8
15
166
1
0
5
4
0
164
41
0
11
43
15
112
56
1
0
0
88
2
124
0
16
12
73
0
0
188
2
4
84
9
0
31
9
48
2
10
0
92
0
0
2
24
95
77
7
169
107
0
11
0
58
0
3
81
0
12
0
11
135
0
0
1
0
6
112
2
4
0
137
1
0
0
2
25
18
50
7
65
12
21
0
2
1
0
6
1
48
2
96
6
146
0
0
0
0
4
10
0
0
5
46
0
90
1
0
0
4
142
2
22
49
204
1
126
165
156
5
165
13
1
168
199
2
59
205
39
180
3
4
35
0
3
4
28
121
16
57
0
131
202
5
4
24
22
87
0
8
0
0
172
21
35
0
204
8
28
0
80
7
0
153
103
9
162
82
0
2
0
21
35
175
0
2
4
0
10
1
0
3
0
10
0
2
0
61
0
61
9
0
0
91
41
132
2
0
0
17
33
4
83
2
4
9
0
27
9
0
0
0
2
6
42
198
0
0
41
9
0
52
0
0
2
12
1
0
4
1
201
70
39
10
0
11
4
47
32
76
187
0
8
0
116
0
1
0
21
2
19
64
25
14
18
0
2
1
138
6
155
13
73
0
3
65
5
0
2
164
0
22
29
7
183
130
3
1
0
0
2
62
207
62
3
1
59
6
38
3
0
29
36
141
2
110
28
159
3
147
110
0
0
123
0
202
2
26
0
44
0
2
0
106
27
0
52
86
125
5
46
67
9
0
0
2
20
78
1
50
0
2
25
18
50
7
65
12
21
1
48
2
18
23
133
1
0
75
2
22
1
0
0
0
2
55
179
0
4
1
0
21
70
0
8
0
10
1
0
2
20
9
0
27
193
11
0
158
24
68
1
0
6
53
11
46
90
115
1
0
90
5
7
0
3
10
1
0
6
0
5
1
0
0
45
1
0
72
2
23
29
129
0
6
1
0
0
5
71
0
33
0
3
4
0
33
179
3
0
0
2
149
3
0
7
0
5
4
117
82
9
0
31
0
3
0
0
0
117
80
0
0
0
31
9
0
9
0
11
74
94
16
0
60
4
1
0
3
4
0
1
0
8
4
0
7
53
2
24
25
20
7
0
8
11
15
184
3
0
5
15
184
5
4
28
0
1
0
0
11
32
3
0
150
44
0
8
43
23
22
7
0
6
0
2
208
208
0
2
4
66
198
153
123
8
32
24
119
6
189
3
34
0
1
0
6
0
0
92
0
46
3
104
5
0
1
54
0
0
2
4
21
58
0
0
145
36
0
3
20
23
39
157
160
0
3
4
0
12
1
0
2
122
37
0
0
154
0
41
0
0
191
2
4
0
99
0
37
0
9
0
27
0
0
5
1
0
151
0
3
4
1
0
131
3
4
1
0
8
16
97
0
17
7
0
0
2
56
0
4
0
3
21
92
0
141
8
203
0
187
14
98
2
0
53
28
0
1
190
49
14
1
195
6
126
38
0
8
1
87
0
137
13
0
93
1
114
6
174
3
28
161
14
19
83
5
7
0
13
1
0
0
2
7
0
52
9
0
5
13
0
0
4
0
30
0
0
10
0
8
4
91
0
37
0
7
0
2
1
69
16
39
156
5
1
0
128
6
0
4
6
0
25
54
5
30
0
61
139
27
0
9
150
9
53
5
15
0
0
154
0
2
4
1
69
55
3
43
2
4
0
41
7
0
20
3
0
12
2
1
0
125
127
7
0
0
2
20
1
0
25
3
23
22
0
3
4
18
176
0
171
0
8
0
10
42
0
0
6
0
128
2
135
10
1
0
0
2
0
51
158
85
10
0
38
0
8
30
0
32
139
4
45
0
0
11
20
37
84
60
52
9
0
0
2
0
0
13
1
0
6
1
0
2
21
1
109
1
0
8
0
91
0
9
100
0
11
24
0
21
0
8
26
0
44
0
9
0
0
8
34
0
12
16
47
76
0
2
1
0
6
0
2
1
0
57
1
0
2
24
0
45
1
48
3
0
7
0
47
3
4
47
57
15
34
0
73
0
6
0
8
23
70
14
0
5
20
0
5
0
5
7
102
0
6
0
2
4
19
31
63
0
5
0
18
0
32
0
74
0
2
104
66
0
22
9
0
3
61
37
0
2
4
33
0
14
0
8
26
0
140
44
0
0
2
4
0
52
9
168
199
2
79
0
1
54
0
17
0
0
5
4
0
25
7
0
0
96
3
8
7
0
40
7
0
0
11
0
1
0
0
8
0
0
42
81
64
8
19
36
0
3
4
1
0
13
1
0
0
2
1
138
6
155
13
189
15
0
3
1
0
0
3
35
0
0
0
5
7
0
64
0
3
4
107
6
0
8
36
0
0
14
105
3
30
162
57
142
4
108
3
24
166
30
186
8
24
95
77
7
169
0
0
8
0
17
26
0
2
1
54
0
191
6
119
23
173
31
0
0
8
18
0
60
47
1
0
0
8
4
10
0
17
203
0
3
0
10
1
0
23
0
0
56
0
10
0
2
0
10
30
0
11
10
9
178
27
9
0
143
0
103
38
8
26
0
0
26
0
16
95
57
18
0
5
206
89
136
88
1
51
6
1
194
177
34
118
1
182
4
0
0
2
18
87
15
0
8
42
46
3
19
148
4
55
0
5
18
0
9
0
0
0
0
5
63
0
5
9
0
99
133
5
0
148
115
7
200
6
85
4
0
0
1
171
0
2
170
66
0
67
113
27
0
67
113
0
66
0
60
11
24
0
0
0
4
0
0
5
1
0
0
100
1
0
72
5
13
7
0
12
1
0
0
2
145
1
0
6
1
0
0
0
2
0
19
58
0
0
0
2
