8
123
0
118
302
0
292
6
40
437
6
0
128
131
11
280
0
233
127
389
7
59
30
247
40
0
0
1
270
10
0
7
12
3
73
2
8
36
30
353
39
16
23
67
2
12
3
73
5
26
3
35
27
186
462
2
0
133
0
11
0
0
7
119
408
0
118
6
387
19
6
139
19
0
1
0
172
113
8
34
69
12
21
343
5
0
6
0
107
32
241
0
17
131
11
383
1
445
16
23
348
2
26
3
35
27
31
0
23
2
12
3
2
41
0
253
7
0
0
1
0
41
226
0
76
7
184
395
80
14
11
197
7
55
59
0
332
0
7
5
52
0
29
56
1
443
10
347
2
65
7
60
3
0
0
93
422
5
3
397
6
218
0
7
3
294
6
0
4
265
7
52
0
0
0
1
145
198
338
0
5
198
338
0
0
1
189
44
9
75
7
5
324
20
362
98
48
0
13
0
7
64
3
9
15
2
0
1
319
406
32
0
1
16
0
458
2
26
3
35
27
31
63
2
12
3
6
399
2
8
171
52
14
35
11
114
0
0
354
7
39
8
101
14
11
0
354
7
9
0
4
0
0
137
42
2
16
23
67
2
8
26
3
14
27
31
28
2
12
3
2
0
2
0
29
4
0
0
0
3
289
86
0
284
42
285
7
70
0
33
0
0
124
13
11
0
0
1
67
133
8
40
0
20
3
0
0
17
116
90
0
17
89
42
24
1
279
10
0
2
12
129
5
9
121
6
14
3
25
21
211
18
418
0
2
0
0
37
84
13
20
0
10
9
15
417
1
16
0
268
2
14
27
186
63
2
74
10
111
2
12
3
5
126
203
6
161
25
97
32
3
1
290
0
335
18
59
4
0
107
7
259
21
114
0
169
0
0
1
274
16
23
245
2
26
3
14
27
31
28
5
0
32
49
15
0
0
49
43
0
0
2
438
10
0
2
5
10
18
328
85
32
21
0
400
0
29
329
5
164
265
1
9
6
276
5
0
18
0
86
174
0
13
304
0
1
3
144
0
0
0
6
0
468
1
0
185
10
0
7
44
9
75
1
0
143
20
135
34
98
21
341
1
41
140
71
416
1
138
0
0
0
1
0
16
23
444
2
9
121
8
14
3
49
11
250
5
53
6
218
93
32
3
2
26
3
35
11
120
28
2
12
3
2
151
10
0
2
45
0
0
43
0
0
5
0
19
6
11
325
73
74
1
0
24
10
0
1
138
213
235
22
46
17
4
82
0
256
7
0
45
299
235
22
0
0
1
142
58
52
0
76
6
125
100
122
331
0
0
0
1
16
0
83
306
2
26
3
35
27
31
28
154
30
247
47
0
9
15
79
50
2
12
3
2
441
1
459
0
19
110
0
24
12
3
54
2
163
137
136
22
323
6
0
85
206
1
62
84
33
22
391
7
8
227
20
5
8
108
8
0
19
39
145
52
24
47
3
54
0
0
2
9
76
34
98
136
0
25
48
5
98
48
0
0
56
224
342
7
88
0
239
71
357
5
0
239
11
0
0
1
152
104
215
0
25
0
0
122
4
265
2
0
0
11
0
13
0
7
34
426
276
78
67
468
1
55
225
6
14
336
1
68
361
225
22
6
435
59
56
0
336
61
193
5
0
0
394
0
0
0
1
327
393
0
78
390
7
4
0
171
115
36
153
84
129
36
1
16
63
23
457
2
26
3
35
27
31
28
5
61
176
0
13
0
2
12
3
9
15
2
278
143
86
220
12
3
73
2
16
63
23
315
2
26
3
35
27
31
28
2
125
0
111
5
8
29
97
0
440
1
275
143
10
246
2
8
12
56
4
220
3
0
7
3
69
14
27
388
18
423
1
46
141
16
83
6
278
2
26
3
35
4
82
28
256
7
0
2
62
143
30
0
5
86
388
0
1
189
185
10
9
15
222
44
9
96
2
12
3
2
33
313
126
125
0
0
151
447
0
1
205
6
0
11
0
17
33
7
314
136
243
11
0
18
0
0
0
1
0
0
0
1
16
83
74
44
461
2
12
3
9
15
2
0
18
420
27
31
0
5
80
102
82
250
1
45
8
0
0
0
0
0
0
0
76
7
25
21
326
5
311
0
0
33
126
40
158
7
113
46
0
0
1
8
123
53
118
65
0
61
162
18
127
254
7
59
8
126
80
53
342
6
81
187
237
160
0
295
1
147
44
25
311
1
39
0
0
7
201
0
132
0
103
373
295
1
0
51
14
0
5
449
1
0
10
429
2
20
0
58
9
15
102
32
3
5
0
2
12
3
1
448
55
4
371
20
101
0
13
4
0
134
42
24
0
0
2
150
288
8
58
72
427
8
35
0
65
210
48
87
182
0
104
87
14
0
57
149
127
419
134
42
0
0
0
1
20
200
182
14
373
187
0
0
1
279
8
159
19
58
34
69
0
0
39
30
52
91
132
8
202
100
2
62
0
363
0
1
4
380
29
0
0
22
31
0
1
16
23
147
2
0
0
0
0
0
0
0
0
2
0
1
0
10
350
2
126
203
6
53
6
0
77
32
3
116
1
8
47
0
257
0
5
170
368
0
13
221
190
62
1
3
36
0
22
69
0
213
45
52
80
380
0
89
85
1
148
43
0
22
0
1
277
376
0
32
4
82
340
77
109
2
231
1
0
38
13
25
4
141
334
54
37
2
282
1
0
381
421
4
0
32
271
2
5
0
108
51
199
217
0
0
1
151
14
3
175
4
0
11
0
13
4
0
413
0
0
42
466
1
148
52
158
1
16
23
9
6
74
46
17
4
249
7
230
65
8
36
2
26
3
14
27
31
28
111
2
12
3
2
446
87
117
335
0
2
5
3
38
89
112
34
13
107
18
329
2
84
4
234
0
192
168
263
30
266
34
267
48
60
30
309
0
1
41
10
316
2
12
3
5
9
16
173
53
6
94
3
29
97
79
50
1
0
10
0
2
37
19
58
69
71
7
8
38
0
17
0
9
20
22
146
11
0
13
21
0
2
0
0
6
97
18
79
50
2
126
203
6
94
3
109
416
41
0
1
16
23
0
2
26
3
14
27
31
28
5
30
72
6
47
3
9
15
79
50
2
12
3
2
231
1
0
105
184
33
0
243
0
102
124
154
9
6
231
1
424
5
4
0
20
0
239
0
4
0
0
2
0
1
67
1
374
0
0
0
0
1
0
0
1
0
10
0
2
37
12
4
135
1
412
386
0
0
41
1
458
24
229
20
58
4
280
192
168
263
2
0
439
439
8
38
355
112
128
0
0
0
39
88
0
38
214
45
61
3
144
72
42
0
24
84
3
101
48
11
0
0
9
1
67
41
10
322
2
317
33
96
167
0
1
150
24
10
0
2
12
3
2
190
10
257
2
0
76
34
251
4
197
0
56
4
0
394
46
0
5
119
202
437
6
0
19
66
85
1
152
225
367
19
22
287
101
0
53
355
112
17
4
93
211
42
41
147
285
55
0
0
9
51
0
106
11
349
1
67
8
142
14
113
0
0
358
251
19
57
310
11
291
0
0
37
0
1
452
10
9
15
166
2
148
229
1
450
24
10
356
2
201
247
0
20
326
18
91
1
0
10
0
2
12
3
1
41
0
1
8
0
0
89
13
4
82
333
256
1
360
11
0
0
0
6
382
89
1
4
407
5
407
19
248
6
0
7
4
369
5
369
19
248
6
81
237
5
53
77
17
0
18
95
1
0
78
0
0
60
3
14
11
377
78
96
167
17
43
0
403
29
365
20
3
0
13
4
95
0
2
68
11
96
341
18
0
1
16
63
83
0
2
26
3
35
11
120
28
2
47
216
3
13
0
0
33
0
172
1
0
22
423
7
0
22
0
7
5
55
102
6
40
436
320
90
436
0
0
0
1
0
65
45
267
105
0
87
61
258
428
18
0
28
1
0
62
10
0
2
34
216
3
13
0
261
115
0
6
0
21
28
1
270
226
21
0
24
1
0
10
9
15
0
2
16
23
442
2
26
3
14
27
31
63
2
12
3
2
162
18
127
254
0
0
1
0
1
269
0
8
47
3
116
2
10
0
464
5
24
60
3
117
29
4
0
17
318
13
4
0
1
0
382
20
135
1
0
62
74
5
4
0
0
0
1
140
379
6
0
427
0
13
184
7
4
71
168
0
0
0
1
172
0
8
38
11
0
6
0
18
415
0
365
0
5
327
1
152
12
3
54
429
2
208
228
116
0
90
52
0
118
15
3
262
0
25
162
18
254
104
302
181
0
43
0
1
0
10
417
2
19
155
14
103
4
165
286
3
1
45
3
210
4
0
43
0
22
390
5
87
0
27
393
128
4
0
7
88
426
60
160
118
3
0
19
1
49
15
49
8
0
0
13
4
0
56
200
7
55
71
6
40
66
100
0
1
70
115
217
6
11
0
9
15
422
13
21
99
1
81
68
3
12
5
12
68
3
81
1
0
281
23
0
6
46
17
4
212
178
8
36
2
0
0
6
14
3
13
21
1
0
24
10
0
2
43
0
22
0
32
48
1
20
0
45
3
159
3
0
11
209
5
88
3
53
19
66
5
44
59
145
52
0
1
273
10
9
15
410
2
20
0
45
11
325
0
29
4
0
425
60
44
0
32
43
0
192
168
0
1
152
0
9
101
4
0
0
42
5
12
3
66
73
2
443
64
3
347
2
60
3
139
0
5
3
123
0
4
0
0
7
44
258
0
56
193
1
440
37
10
315
2
140
0
438
1
125
0
4
0
211
13
0
13
0
29
0
49
51
242
77
25
4
0
29
100
6
161
25
0
2
0
10
9
15
0
2
0
37
10
232
2
30
52
131
352
39
0
0
130
0
48
125
92
2
0
24
10
9
15
0
2
264
93
18
99
1
41
8
98
20
0
0
85
9
4
303
155
40
317
7
5
3
0
18
19
1
0
129
2
0
1
92
25
4
0
105
420
179
32
241
153
0
0
1
454
10
0
2
37
94
3
88
2
33
22
27
0
204
18
170
368
293
1
45
44
56
323
6
375
77
39
43
179
61
0
1
273
10
410
2
16
63
23
6
46
17
4
230
178
8
36
273
2
26
3
14
27
31
23
2
298
0
61
0
49
404
49
4
0
13
33
167
153
0
402
0
1
0
0
0
0
2
0
0
1
149
10
339
2
12
3
1
119
337
432
6
125
6
97
6
0
0
153
0
402
1
142
144
14
19
9
0
13
99
0
1
272
0
398
7
10
9
15
5
12
0
2
5
24
33
0
1
268
61
3
91
43
0
0
194
40
188
0
32
238
114
117
42
236
312
4
370
22
11
0
1
8
145
179
20
375
6
4
0
106
305
106
42
0
1
241
0
0
80
4
0
124
1
0
0
0
24
10
351
2
191
408
344
48
11
349
172
5
366
0
2
0
41
24
173
294
21
82
6
139
19
244
1
74
10
111
2
5
0
30
9
0
2
149
37
4
0
17
4
127
99
1
0
131
56
280
17
86
409
29
0
2
64
3
6
21
300
18
138
21
164
50
31
5
56
4
0
1
182
14
267
1
0
10
245
2
70
175
4
165
105
3
2
5
122
43
204
8
262
210
44
291
75
2
37
0
0
1
0
7
8
14
0
57
0
0
191
1
0
0
150
272
270
1
453
87
130
40
13
18
11
120
303
7
0
72
6
12
19
1
8
346
7
208
11
0
0
0
1
0
448
8
133
14
0
21
0
0
5
88
51
260
14
103
0
1
0
1
0
10
9
15
0
2
72
6
47
176
0
5
93
32
3
79
50
2
12
3
2
0
10
0
2
0
0
17
76
13
174
95
22
0
0
1
41
0
6
397
157
0
13
141
333
57
64
374
51
0
0
0
1
0
64
3
7
64
3
1
381
107
13
0
20
8
0
13
0
11
71
0
0
1
457
16
83
26
3
35
11
252
28
2
121
51
92
25
33
219
0
106
12
3
2
74
16
63
23
73
2
10
18
146
176
21
66
7
123
36
68
236
81
1
0
10
0
1
0
0
4
0
25
11
0
0
0
1
127
0
130
40
4
399
17
48
0
0
1
62
44
9
75
170
7
12
3
9
15
2
8
196
255
35
4
0
6
0
49
377
5
49
96
17
11
221
49
3
1
0
6
0
0
56
4
340
61
304
96
5
55
34
27
0
31
7
0
0
2
282
277
1
276
24
8
196
2
0
39
10
0
7
30
0
1
0
0
110
4
387
0
0
0
37
1
67
51
0
0
86
0
0
2
5
177
12
4
0
37
12
3
322
2
275
0
10
246
2
5
170
7
3
14
6
0
7
0
22
102
90
463
1
456
64
3
9
15
2
33
98
21
28
11
297
296
102
2
0
10
0
2
12
3
9
15
5
10
18
146
176
21
66
13
93
1
4
180
20
214
65
61
29
4
0
0
0
134
137
5
30
29
100
195
25
0
237
22
0
0
1
147
455
181
8
38
0
18
0
0
6
40
13
0
5
0
413
461
42
198
30
91
113
46
0
0
57
16
462
23
9
6
46
17
4
230
144
8
36
7
190
2
26
3
14
27
31
28
2
5
137
8
14
0
0
0
13
21
242
0
1
0
12
3
0
2
223
4
253
110
366
2
5
358
110
215
344
3
2
16
63
23
278
2
9
121
173
53
6
94
3
29
97
7
12
3
2
441
9
16
70
14
372
6
36
3
9
84
33
50
306
2
64
3
5
12
3
0
2
5
113
0
1
8
0
36
118
30
72
6
53
428
0
137
20
70
0
290
0
122
4
0
0
1
21
234
163
34
38
0
5
13
4
0
17
0
51
251
214
0
5
11
0
0
57
467
1
45
3
53
11
209
78
0
66
13
261
5
4
221
79
6
3
362
425
3
68
3
38
0
0
1
268
8
36
55
9
0
57
39
0
55
158
1
59
287
188
42
4
0
3
94
13
114
283
0
1
9
184
22
140
330
0
298
124
32
4
0
0
332
197
1
41
223
33
0
22
0
0
20
51
38
0
112
13
4
0
7
8
346
117
29
292
2
8
159
51
117
120
0
1
41
4
180
20
51
61
217
57
0
1
451
24
10
359
2
150
24
8
171
78
171
52
14
103
324
43
293
57
0
10
0
2
16
23
446
2
147
0
0
70
434
115
103
6
309
0
29
56
0
33
50
7
80
207
8
12
319
406
1
4
180
20
76
22
289
238
0
25
4
0
17
238
0
467
0
1
271
37
177
12
21
128
93
331
117
8
38
72
25
109
2
181
434
159
119
58
72
6
0
4
220
57
16
63
83
152
2
9
121
0
103
300
18
9
233
5
9
0
6
218
0
164
50
106
2
12
3
2
0
185
64
3
0
2
30
69
72
6
47
3
54
1
148
47
3
54
166
2
16
23
0
2
26
3
14
27
186
28
104
213
49
96
49
3
0
19
2
0
1
0
0
142
0
1
208
146
20
46
0
20
396
228
0
92
248
4
165
0
49
255
0
0
1
151
24
160
68
8
0
108
39
55
431
11
0
9
8
202
91
7
34
108
364
411
1
39
132
20
0
194
5
133
115
244
0
34
0
4
0
1
155
19
40
120
60
0
5
0
432
6
34
0
132
418
0
194
0
0
42
0
1
0
0
17
174
95
0
11
0
0
0
17
164
50
1
189
10
222
2
130
81
21
82
5
12
3
54
2
189
10
222
7
44
9
75
2
47
3
2
19
392
0
6
405
0
0
78
0
9
15
51
53
112
17
95
0
1
0
4
350
0
169
22
25
206
29
0
25
0
0
1
0
10
0
2
277
282
0
32
0
1
0
1
0
1
62
0
54
1
111
259
0
0
0
1
16
23
6
46
17
4
249
178
8
36
62
2
26
3
35
27
31
28
2
12
3
9
15
2
455
10
0
1
16
23
444
2
26
3
35
27
31
28
2
12
3
2
330
91
435
69
0
18
0
0
0
5
52
0
183
0
1
269
47
3
54
307
2
4
253
110
0
2
0
185
10
9
15
0
2
9
16
8
38
6
36
3
13
219
1
274
8
196
8
260
0
33
104
70
115
0
11
116
0
204
13
21
99
1
35
11
120
107
32
453
29
4
0
0
206
2
255
0
101
27
31
357
2
0
1
0
10
166
2
9
0
6
14
3
49
11
250
5
11
301
7
12
3
2
201
385
232
2
271
0
1
0
84
160
391
7
405
0
4
0
81
1
133
40
6
81
1
191
34
153
48
79
107
163
1
45
0
395
161
112
4
378
0
0
0
128
0
122
4
0
0
9
3
53
46
18
378
0
1
16
23
6
46
17
4
249
5
0
65
8
36
150
2
26
55
31
2
0
1
460
143
10
9
15
188
2
12
56
4
0
1
0
24
8
36
8
36
1
30
205
6
0
21
174
95
0
430
288
19
0
39
19
92
0
0
154
54
15
1
0
279
21
414
0
19
58
0
39
119
260
40
193
132
119
181
94
19
244
392
37
1
114
0
6
4
386
7
0
136
412
0
1
0
10
9
15
0
7
12
129
2
16
23
6
46
17
4
212
7
0
178
77
109
7
272
2
26
3
35
11
252
281
23
2
12
3
398
2
41
452
62
10
144
1
0
1
0
10
9
15
351
2
44
9
75
1
216
9
0
179
157
0
141
50
66
13
415
18
0
0
1
8
0
384
0
0
20
8
14
11
383
389
25
11
0
20
431
22
0
28
1
68
22
183
1
8
108
0
182
53
187
156
57
0
0
1
148
0
1
464
1
60
33
361
0
0
88
8
123
36
68
22
1
67
41
9
145
157
38
11
0
57
0
1
0
10
9
15
0
1
45
345
0
0
105
52
376
187
308
104
87
14
9
15
0
5
162
6
57
34
113
1
0
10
9
15
232
2
449
24
51
0
71
10
0
2
47
352
54
1
442
10
166
2
44
9
75
7
12
3
2
149
0
0
37
1
8
175
419
35
11
209
7
39
20
0
0
54
7
264
0
22
318
1
13
183
7
4
0
17
240
3
14
0
42
0
0
240
3
38
11
0
29
4
0
42
11
28
353
39
92
321
1
0
229
156
37
236
40
0
4
0
60
8
38
11
424
1
240
74
10
18
328
85
32
48
56
50
5
52
1
8
34
227
4
0
25
21
0
243
103
0
18
4
0
0
57
5
8
108
8
58
138
31
0
25
21
0
0
1
269
12
3
54
307
5
47
3
5
24
86
199
259
4
0
124
1
4
73
30
266
34
0
11
334
17
48
5
110
8
101
71
7
55
34
59
3
2
367
0
19
2
0
1
65
139
0
7
19
0
1
39
123
0
105
89
421
299
66
7
0
0
7
5
139
89
384
80
156
105
19
1
45
3
161
11
0
0
90
4
430
17
308
3
38
0
1
62
8
227
0
58
131
11
167
17
48
134
49
8
0
21
370
5
8
58
205
6
0
1
92
321
42
74
1
6
4
371
157
0
4
0
4
66
17
43
242
22
320
7
262
8
14
0
0
122
4
0
154
38
0
3
0
1
456
64
3
9
15
2
3
142
34
98
21
28
11
297
296
102
2
0
16
0
83
191
2
47
154
12
3
9
15
0
163
10
18
146
138
48
235
7
305
404
1
274
38
33
13
4
0
7
3
385
73
2
0
2
16
63
23
316
2
12
3
2
0
24
10
0
2
8
0
0
19
0
3
20
3
59
136
116
90
48
1
4
180
20
76
5
8
14
409
106
433
79
50
465
0
0
1
275
24
4
0
0
10
9
15
246
2
0
17
21
200
188
0
21
97
364
135
0
59
11
0
0
18
0
0
25
0
29
11
0
100
460
1
16
281
83
6
4
82
414
77
109
41
2
14
27
31
28
2
12
5
47
3
2
16
23
6
149
7
46
17
4
212
65
8
36
2
47
3
339
5
26
3
35
11
252
28
2
175
11
73
312
310
16
264
215
35
0
18
0
7
0
7
5
0
284
1
183
99
29
360
0
1
0
10
245
2
0
10
0
2
5
37
177
12
0
261
141
50
2
226
343
0
1
0
24
9
158
7
30
195
25
20
207
10
9
15
111
2
234
263
363
266
8
69
59
0
7
80
207
55
11
0
169
7
104
17
4
0
0
0
1
151
447
0
2
30
69
140
379
6
19
39
30
0
19
130
40
0
37
223
411
43
95
0
1
459
24
51
199
9
0
2
10
9
15
0
2
109
22
228
156
90
45
43
0
0
195
134
45
44
13
4
345
17
11
169
78
0
25
0
1
0
8
0
19
54
2
8
38
19
18
0
37
1
5
129
70
0
19
224
5
224
433
1
8
12
4
0
29
4
0
466
1
190
10
257
2
99
155
40
4
165
286
219
33
50
32
3
1
67
3
0
2
0
1
0
314
30
337
258
4
403
29
4
400
25
313
0
60
0
396
463
17
4
0
124
173
0
33
13
18
91
2
16
23
356
2
450
26
55
11
71
46
2
16
23
454
2
26
3
14
27
186
28
1
177
12
0
100
6
0
7
0
0
128
0
0
7
0
114
283
0
1
445
0
10
9
15
348
2
44
9
75
5
30
9
121
70
0
3
9
233
5
372
6
40
43
301
7
12
3
9
15
2
0
85
5
0
77
32
65
3
0
53
6
94
465
1
451
24
10
359
2
12
4
135
1
