91
2
0
6
3
0
243
31
7
86
0
2
0
1
63
0
0
6
128
7
0
0
13
19
0
68
4
26
173
0
0
94
10
0
5
0
1
3
0
8
206
9
0
218
18
62
8
22
0
0
0
1
0
5
0
0
10
9
0
23
0
35
0
109
10
0
37
1
0
42
3
0
0
54
14
199
1
91
299
283
0
0
23
0
11
12
13
47
5
9
0
5
69
278
38
0
21
4
104
10
46
4
0
76
17
0
0
35
21
0
1
85
12
11
0
1
40
170
0
18
3
0
16
40
179
1
79
0
12
2
0
10
40
0
2
0
69
4
41
10
0
1
0
3
0
0
38
0
3
0
5
46
18
75
119
2
31
1
60
0
0
132
121
164
161
0
122
292
0
10
3
180
297
0
0
264
5
123
1
72
29
169
30
82
1
113
26
242
0
4
0
5
9
0
42
0
1
25
4
0
227
21
45
17
35
7
0
1
15
76
207
0
44
8
0
36
2
0
238
0
7
0
2
0
167
166
2
0
6
0
0
1
0
0
148
0
4
296
0
0
0
6
0
0
4
63
77
2
0
17
10
0
59
0
6
0
0
0
1
0
121
50
15
0
0
22
76
0
27
0
66
184
1
25
4
8
88
133
38
0
9
106
15
124
273
0
5
252
1
8
206
9
0
9
56
4
9
0
6
9
0
1
0
1
0
6
133
38
0
15
144
0
21
36
38
95
61
106
22
69
20
1
16
50
4
8
24
206
135
7
49
183
1
0
2
3
0
294
0
25
2
0
65
9
294
0
145
100
0
153
33
3
0
0
1
104
23
3
0
1
53
215
45
3
0
0
45
3
0
129
6
24
3
0
223
10
0
1
0
1
0
37
154
25
4
0
0
0
11
0
4
0
141
3
0
0
0
10
0
1
274
65
0
60
100
1
208
0
121
36
32
109
0
45
3
0
10
0
1
16
50
4
8
151
0
0
45
1
72
75
38
8
23
1
3
0
0
18
3
0
43
90
109
1
64
57
30
20
238
51
29
145
0
4
155
66
0
1
17
35
0
121
50
32
0
66
184
110
0
37
5
3
155
92
111
1
8
34
57
219
74
5
3
0
0
4
0
9
219
0
4
6
0
133
15
0
0
0
128
0
1
0
253
83
14
3
0
183
18
7
0
86
241
0
0
33
0
7
0
0
1
3
52
18
256
11
20
1
3
229
205
5
3
0
18
3
84
8
197
15
133
8
95
1
14
0
5
210
4
0
4
6
0
4
0
1
3
300
291
8
0
181
54
2
57
36
0
149
204
11
0
0
11
51
132
0
6
0
0
10
46
1
152
0
4
0
50
0
0
0
4
0
0
4
167
0
2
0
0
10
7
0
113
134
0
2
0
2
83
1
0
0
286
81
48
0
182
104
4
267
222
2
0
6
0
0
33
3
0
36
1
0
189
15
0
292
6
34
27
0
0
0
2
0
61
0
1
8
34
24
77
2
44
17
15
31
268
1
10
0
4
26
42
215
45
3
201
59
36
0
37
110
0
1
20
0
31
173
4
41
9
82
270
225
1
85
12
11
28
169
0
1
19
0
0
0
0
0
167
0
4
53
43
55
2
24
5
31
2
44
9
205
1
33
3
0
129
2
0
4
0
0
13
6
7
0
85
12
2
24
9
265
6
93
10
0
19
0
255
1
51
0
145
7
0
87
2
71
175
165
0
0
1
79
0
2
73
3
244
185
0
21
0
25
1
50
102
77
6
23
0
107
2
0
0
105
0
21
0
0
0
6
57
9
287
137
1
0
16
0
6
207
0
0
32
0
8
32
7
209
0
2
3
120
0
6
3
118
0
1
9
87
2
83
18
0
1
43
3
0
5
9
0
1
12
22
279
74
65
2
0
2
83
30
1
110
17
35
0
0
4
3
244
185
102
168
124
0
214
4
41
3
253
0
0
2
44
124
171
6
0
214
0
1
0
0
25
1
71
0
12
83
158
1
0
0
95
0
6
0
127
0
7
49
171
1
0
2
73
144
99
41
0
127
34
27
0
55
195
45
0
192
1
91
2
3
0
13
151
0
11
3
0
1
12
71
31
24
47
13
0
3
0
10
3
0
5
164
0
0
9
0
0
1
72
75
38
8
23
1
6
43
75
39
70
146
2
44
1
0
74
40
0
116
0
13
0
96
23
0
10
0
116
2
0
9
0
0
1
0
1
0
0
18
16
0
16
20
221
1
0
2
0
0
4
0
4
159
92
5
181
207
1
79
47
5
3
0
11
243
7
193
297
105
114
1
0
11
0
270
0
69
257
24
5
31
0
55
1
49
0
1
251
0
1
251
138
1
0
0
0
1
72
190
0
136
27
9
118
0
1
0
128
3
0
0
4
158
1
105
114
257
17
35
0
5
0
1
20
257
0
1
10
0
21
0
4
3
253
0
3
29
36
1
42
0
2
0
6
3
0
0
0
19
0
1
0
0
5
50
0
5
0
6
0
0
18
62
5
9
0
0
1
0
13
173
12
0
23
0
0
1
0
0
0
13
287
23
0
21
8
136
0
0
0
0
16
101
0
2
0
0
35
7
0
2
0
1
85
12
11
24
0
225
2
139
9
0
87
2
83
1
43
16
217
25
16
43
90
109
1
8
102
32
0
15
3
0
0
21
26
34
0
0
1
46
34
0
193
11
0
0
0
3
52
1
176
7
49
237
25
15
0
0
9
0
0
0
30
0
0
13
251
7
0
29
0
1
10
0
4
115
0
0
36
10
29
0
1
25
4
115
23
0
121
1
103
0
1
41
158
103
23
0
0
1
0
3
0
0
0
10
300
37
4
12
0
3
0
0
5
171
275
10
9
126
1
109
0
2
0
19
0
0
4
3
0
1
0
0
0
2
81
0
216
84
0
5
3
0
0
5
3
0
0
0
33
298
1
29
0
30
82
13
45
276
144
124
273
0
4
3
29
0
0
0
39
8
24
213
214
0
136
162
14
3
244
185
1
8
34
0
0
2
30
0
0
164
0
114
10
0
261
3
118
54
110
134
0
3
273
198
0
1
48
97
49
0
208
0
121
50
0
55
19
0
11
0
66
0
56
2
3
155
92
111
1
119
0
0
0
48
281
0
221
0
184
59
0
3
0
0
1
17
245
77
2
0
1
11
7
0
4
0
0
145
122
20
0
11
93
2
0
61
165
123
1
274
2
0
0
1
25
8
88
7
211
38
0
31
2
0
3
0
5
3
209
0
241
269
1
64
57
0
2
0
0
1
0
0
1
75
0
78
170
54
4
0
0
0
0
4
41
0
27
0
0
0
0
2
27
0
1
0
50
0
51
68
33
0
0
120
0
0
0
0
1
72
17
35
33
0
0
1
20
0
299
156
52
0
1
72
69
283
19
247
0
22
0
10
1
157
2
100
2
3
112
125
152
26
0
81
0
37
5
3
0
6
50
15
0
23
0
17
0
35
90
4
0
24
5
31
17
178
1
64
57
146
1
0
39
3
0
34
0
12
4
19
203
34
0
163
3
0
29
129
208
0
7
54
14
61
148
0
1
53
8
24
77
2
0
74
297
0
6
0
4
2
139
3
0
5
166
4
6
9
165
16
0
1
0
0
154
4
26
0
21
8
0
0
0
0
15
286
6
60
296
122
0
201
1
247
0
243
182
3
0
0
7
0
5
98
34
6
0
4
6
7
0
86
0
7
130
80
1
0
2
0
4
0
0
52
0
0
6
102
0
13
47
5
12
6
3
0
12
249
1
0
0
23
281
6
9
262
18
0
113
24
5
9
0
32
0
4
155
66
92
1
142
12
167
0
12
92
58
168
155
66
184
4
0
261
2
1
8
0
143
17
5
9
0
59
0
239
1
0
15
0
59
0
15
0
2
266
220
0
1
264
5
223
23
17
0
56
2
3
0
1
0
135
6
0
14
0
301
1
274
65
70
267
30
3
0
0
1
0
2
0
0
4
104
23
40
0
0
1
8
48
242
101
217
86
14
0
204
1
64
57
30
20
238
51
0
59
0
221
7
280
250
30
0
1
0
156
11
0
1
52
199
11
0
1
132
0
0
11
0
1
72
65
0
221
46
2
0
0
2
71
126
1
66
92
0
0
10
0
161
0
259
0
18
17
0
259
2
0
0
0
4
0
1
3
160
260
189
14
108
0
7
256
4
17
0
52
11
9
96
1
7
0
282
5
39
29
169
22
44
1
0
233
41
161
8
151
0
0
0
0
10
0
70
0
3
273
0
0
1
0
132
11
132
285
0
11
0
13
0
145
90
109
17
0
2
27
0
1
10
0
4
9
294
0
42
0
1
63
9
0
23
14
0
2
0
17
29
289
6
0
35
188
54
161
0
0
25
4
0
0
65
0
0
18
0
3
186
256
0
0
0
1
0
0
4
0
3
0
1
44
12
90
0
74
3
0
6
48
0
74
81
1
0
296
281
0
0
6
0
0
0
0
0
63
157
2
71
233
0
5
186
150
178
1
85
12
0
0
11
268
14
105
114
0
8
77
20
120
1
47
2
71
19
62
5
40
0
0
16
117
1
46
18
7
262
5
254
0
4
6
0
36
0
1
281
0
0
4
0
0
0
30
0
0
4
41
63
157
2
231
71
233
0
186
150
178
1
216
13
110
7
0
54
0
4
70
55
0
6
0
15
9
0
0
0
202
1
235
2
0
4
0
13
289
6
0
122
10
3
191
23
17
0
0
35
90
152
6
102
3
229
10
3
52
1
0
7
0
0
2
3
247
0
25
1
0
5
0
0
32
0
1
10
0
4
0
0
0
0
2
177
51
29
0
7
0
5
0
1
181
54
4
17
35
0
29
123
23
227
0
45
219
0
0
33
0
1
158
103
50
32
0
0
0
1
43
0
0
279
7
203
4
128
0
4
0
0
258
5
0
1
246
25
1
60
227
3
0
0
10
0
33
7
174
5
0
182
2
0
6
70
75
225
1
0
5
0
0
0
1
124
84
8
44
248
58
19
1
274
2
3
0
38
42
16
0
14
3
0
16
127
42
0
2
166
1
56
11
3
0
4
0
1
0
224
13
138
2
230
28
200
104
30
0
174
0
10
0
0
1
64
44
19
1
234
1
25
4
8
88
133
38
23
268
3
180
297
0
1
131
5
135
4
101
0
0
18
63
0
1
60
0
17
35
0
291
10
0
0
2
89
266
3
168
5
133
0
45
3
0
0
1
26
0
0
172
27
87
115
15
12
16
7
0
4
215
45
28
0
5
0
6
269
4
98
0
4
6
95
1
3
0
0
18
0
123
1
8
77
2
0
0
0
0
5
295
38
168
20
1
8
32
7
209
0
2
44
39
8
22
11
223
0
33
61
0
1
279
74
65
12
22
89
30
1
0
7
0
0
0
0
0
2
278
38
22
0
0
41
0
75
2
1
91
2
40
0
0
14
132
0
10
0
37
236
73
12
6
3
0
30
3
112
125
13
267
222
2
0
17
0
8
22
0
0
53
43
16
0
6
0
16
46
0
1
73
12
195
4
0
1
43
3
0
0
183
90
0
1
0
76
0
0
16
7
130
0
0
0
0
0
1
152
26
246
4
0
2
197
19
1
0
18
63
0
1
49
282
5
39
8
22
0
113
8
0
1
0
108
69
0
24
5
31
4
0
3
0
0
146
0
14
187
148
0
1
0
42
87
13
91
2
0
6
0
14
0
0
0
7
0
0
10
65
8
0
3
0
1
26
0
135
2
7
0
1
43
84
2
69
21
1
15
3
187
140
203
4
45
0
4
0
0
33
140
0
34
27
0
0
35
20
42
7
0
154
1
43
109
3
88
5
40
0
2
162
12
1
12
122
94
7
130
0
6
7
130
211
1
0
18
75
7
0
0
1
0
177
55
28
140
2
0
3
80
5
3
106
8
95
1
83
1
0
3
0
4
41
75
0
0
10
0
1
0
4
0
4
0
0
1
0
1
56
11
3
200
13
19
42
147
1
0
97
2
0
4
41
0
44
20
232
195
1
0
94
39
0
0
2
0
1
0
37
6
146
160
1
56
0
11
28
252
4
53
9
96
0
9
0
16
263
16
8
32
1
101
88
2
0
3
0
0
0
5
0
0
0
89
31
266
292
0
78
108
69
1
2
40
0
0
0
0
1
0
0
6
3
0
38
0
9
0
36
51
0
68
85
12
1
218
78
0
4
0
1
0
4
6
0
166
0
53
21
24
5
9
0
149
27
0
1
25
0
0
0
0
2
124
0
0
0
4
7
86
2
0
3
0
5
0
0
1
3
300
291
8
0
181
54
14
0
149
0
3
0
5
51
174
0
0
10
46
1
7
0
14
0
10
0
0
0
139
3
202
8
197
1
47
2
159
19
86
15
0
59
1
67
0
68
0
0
5
171
275
90
4
0
227
10
0
1
72
39
0
50
22
44
1
64
57
146
13
3
0
0
252
0
37
6
0
121
0
160
1
91
2
24
38
82
2
139
0
0
1
0
0
42
101
29
0
7
0
5
0
4
0
0
4
59
7
0
0
1
236
0
12
4
0
4
41
28
0
0
261
1
33
62
0
2
0
4
56
11
0
276
0
6
0
5
0
0
7
299
0
1
49
2
73
53
103
0
100
0
2
82
0
7
187
148
80
1
43
7
0
0
6
0
1
3
0
0
20
24
0
4
147
4
7
0
0
1
0
39
0
136
27
1
56
4
0
0
1
236
24
0
12
1
91
2
3
0
4
7
49
0
5
0
14
6
141
3
185
1
142
0
176
2
0
3
0
199
4
79
0
43
135
1
67
0
13
113
93
23
178
2
0
61
0
4
0
23
17
137
4
17
0
4
6
17
0
1
46
0
17
36
0
0
35
3
0
0
0
0
0
1
3
0
0
143
10
0
145
0
11
9
0
0
11
0
37
1
26
42
0
2
27
7
0
205
5
1
8
231
156
19
180
15
9
0
1
46
22
0
9
165
198
0
0
164
0
0
0
33
0
1
0
3
29
36
18
40
0
0
1
15
9
0
220
0
4
70
268
3
0
2
0
6
0
0
1
208
0
37
154
4
93
0
182
0
2
3
0
0
4
0
31
0
2
7
17
0
262
1
64
0
39
134
0
1
36
0
0
141
45
0
0
1
0
185
0
225
4
64
0
14
0
36
0
55
1
39
7
192
156
11
3
0
6
101
0
255
11
0
1
0
2
0
6
3
0
11
101
0
0
0
0
1
228
27
0
5
0
1
28
0
6
0
215
53
103
5
31
1
12
0
21
0
174
0
4
0
13
19
0
0
20
24
1
0
137
16
20
0
55
0
0
4
0
74
5
3
0
4
6
0
14
28
0
1
91
0
14
0
7
0
30
0
1
43
131
5
0
78
12
59
0
21
46
0
2
0
10
194
0
1
8
0
0
9
0
5
105
114
16
3
119
0
1
8
0
159
0
2
0
19
33
0
232
59
232
1
0
1
0
0
28
0
26
0
78
175
0
1
228
0
17
13
113
26
242
0
4
3
0
0
176
0
0
5
9
0
1
60
227
21
182
2
0
267
222
2
0
28
0
58
39
8
22
0
19
54
59
0
1
172
230
28
200
14
234
30
0
0
1
0
99
4
41
19
42
147
1
64
57
3
66
92
0
146
197
65
3
0
11
12
167
28
129
1
63
19
42
147
1
0
0
4
194
0
12
0
0
119
0
16
263
16
26
0
1
0
48
176
124
179
0
13
56
298
43
7
49
68
11
0
6
29
169
1
235
2
3
112
125
4
0
13
28
0
5
95
4
173
4
6
258
32
215
31
24
1
2
3
0
33
3
247
0
38
242
14
7
0
0
0
0
11
6
122
20
175
165
67
0
4
210
1
0
0
0
10
19
285
18
21
7
0
5
105
0
0
15
0
0
2
163
123
1
17
35
0
121
50
32
0
0
2
0
92
78
0
0
6
0
0
30
76
0
0
1
238
118
84
4
0
1
98
2
213
21
0
6
3
52
34
0
33
28
169
11
37
2
100
1
0
37
161
3
0
5
0
4
7
0
0
10
9
126
1
201
72
9
0
1
0
4
0
13
43
0
1
0
13
0
37
10
4
0
0
276
94
40
165
0
1
0
265
0
143
131
0
0
0
21
8
0
76
211
0
1
72
46
30
9
229
1
60
0
153
131
5
12
1
8
0
0
153
131
5
107
1
26
0
135
2
0
94
7
0
21
0
10
9
80
1
0
17
0
0
0
0
2
0
4
0
4
0
0
24
0
0
5
220
0
1
25
4
201
18
14
3
0
1
99
83
0
71
0
28
0
4
28
129
4
6
224
12
213
0
158
1
0
22
63
0
0
2
0
61
0
0
0
4
6
0
11
3
0
0
0
0
1
47
2
0
3
0
0
0
11
0
284
1
64
57
55
61
180
15
0
11
93
25
1
8
149
0
0
30
51
0
150
6
0
10
46
15
3
300
291
8
0
181
54
14
0
1
48
97
7
0
0
0
10
0
1
0
14
108
69
18
0
1
97
108
0
81
172
230
30
0
0
1
234
1
95
0
24
4
41
16
7
0
0
97
2
99
15
0
1
10
0
0
4
48
0
0
0
0
0
34
27
49
1
93
22
76
0
27
0
17
11
66
184
48
11
293
93
1
10
0
3
0
111
271
0
4
70
62
86
0
2
0
14
3
0
66
0
5
9
1
25
4
3
31
0
0
0
0
2
196
3
260
189
101
0
86
19
0
68
2
139
3
62
202
60
97
1
0
240
0
5
88
25
11
0
5
0
7
0
154
1
8
88
9
218
76
0
65
212
20
0
1
0
4
64
44
19
1
138
2
230
28
66
92
200
1
57
0
0
15
234
1
39
7
156
45
3
191
10
0
1
47
2
73
9
0
290
3
0
153
143
1
0
18
0
182
1
56
4
0
1
172
0
20
0
0
4
299
0
1
283
19
112
0
0
42
67
2
73
0
0
170
0
1
0
1
19
0
4
8
177
56
11
9
0
4
6
82
2
0
3
0
0
8
32
16
50
2
162
166
1
0
2
0
0
0
16
3
0
0
1
0
32
76
130
0
10
3
180
11
284
6
269
1
0
37
154
25
4
117
0
0
3
0
0
111
271
0
4
0
3
87
2
83
11
264
5
0
50
1
0
84
2
0
245
21
0
141
11
0
0
2
44
3
87
0
0
0
0
13
67
153
2
3
80
68
4
0
13
90
0
58
3
0
21
8
0
10
3
80
8
0
5
0
81
72
0
4
211
1
98
0
192
191
71
31
47
74
115
13
0
1
47
2
27
3
179
29
117
2
237
0
1
67
2
73
129
4
6
2
0
15
0
0
58
3
80
1
0
0
0
0
0
0
33
0
250
1
127
42
7
0
30
0
0
9
0
11
75
0
81
38
0
186
0
149
0
3
0
0
81
49
282
5
0
0
147
0
0
31
137
1
0
0
45
0
0
0
25
1
0
0
0
0
45
0
7
0
0
12
1
11
3
0
0
60
0
6
3
0
8
22
102
163
4
85
12
0
11
0
31
14
3
0
2
0
0
1
26
0
0
6
0
53
103
0
36
1
32
2
57
55
3
180
14
108
69
11
61
0
0
1
235
153
2
0
4
0
13
28
54
10
194
18
0
2
3
80
5
29
194
0
1
173
0
270
7
0
13
62
0
0
0
33
40
84
0
16
117
0
36
34
0
9
80
212
110
61
0
1
98
0
4
0
1
3
0
0
15
3
125
1
213
295
0
10
0
81
0
7
49
0
14
0
6
0
64
196
144
55
212
0
1
99
0
13
67
0
0
4
0
6
0
13
240
0
4
62
0
21
51
29
226
7
0
0
5
0
6
198
1
3
105
0
0
27
0
107
0
4
41
134
151
0
46
0
1
8
151
0
19
0
10
9
287
1
0
220
0
4
107
136
139
3
0
5
9
0
0
75
0
20
1
8
0
0
0
0
1
47
2
89
0
0
15
53
103
218
1
0
29
126
18
7
0
205
5
9
0
29
126
1
91
2
0
14
0
240
37
5
178
186
150
13
51
0
0
226
0
2
0
0
1
67
0
4
0
13
3
229
0
6
277
26
149
32
176
0
94
0
0
0
37
1
119
140
0
0
0
0
0
5
0
63
8
77
2
0
10
187
148
0
4
148
0
1
0
2
62
5
40
0
0
4
0
0
4
14
7
0
0
1
39
7
0
6
39
7
0
11
3
0
1
67
2
73
0
290
20
143
11
0
13
51
29
226
0
4
155
66
92
1
142
12
167
7
277
168
184
4
99
2
1
0
4
0
6
0
1
110
0
5
0
4
8
193
15
12
10
0
7
80
5
258
1
79
0
19
170
0
5
3
0
48
78
40
179
131
79
102
48
16
0
1
26
173
12
0
10
4
131
43
11
12
1
0
301
0
18
102
293
0
13
41
0
257
3
0
0
11
0
0
152
26
196
1
0
0
10
7
52
0
5
9
0
1
10
0
3
260
189
4
0
59
3
0
36
0
14
21
0
1
97
7
0
0
5
3
0
8
0
10
0
1
8
206
20
2
9
96
2
0
0
0
0
1
25
4
8
88
3
216
265
6
93
38
32
0
9
106
1
61
0
6
0
18
254
2
0
1
7
0
0
82
226
7
280
0
204
1
72
190
79
0
40
203
2
0
0
0
1
0
0
0
0
7
49
255
41
3
0
5
3
0
18
0
1
6
76
62
22
0
0
0
0
142
0
0
1
219
63
0
16
103
36
16
289
10
0
0
5
3
239
1
8
151
0
51
111
5
114
4
41
8
22
163
123
142
8
111
1
3
0
18
0
0
0
6
0
1
0
0
0
0
142
107
0
19
183
1
7
49
282
5
65
0
22
71
9
0
0
1
56
11
0
3
0
2
162
1
0
0
4
0
1
157
2
290
20
2
3
112
125
81
8
136
0
17
96
78
12
2
78
116
1
43
39
0
46
49
1
91
0
0
4
9
0
0
5
107
13
175
0
18
0
62
11
3
126
0
1
0
1
0
42
62
5
0
0
0
1
272
0
0
94
263
4
6
127
34
27
0
1
0
0
5
0
171
275
14
199
4
0
0
30
0
0
10
0
37
1
60
100
7
212
0
4
0
57
20
146
1
0
3
253
0
259
3
191
0
111
1
20
0
0
0
6
9
0
198
1
172
196
20
16
195
16
26
128
20
1
19
42
7
147
0
40
116
0
48
249
94
19
0
250
5
3
120
0
0
10
9
0
1
25
4
70
0
0
187
140
0
120
217
86
60
90
0
2
0
108
69
1
104
23
3
0
1
3
116
228
27
0
8
206
20
2
9
96
2
44
0
8
22
2
0
108
69
1
49
8
77
0
278
33
24
0
2
128
0
14
65
8
22
0
0
6
0
105
114
1
217
0
115
23
76
0
0
1
40
0
22
0
12
14
188
0
58
188
205
5
3
183
1
9
0
23
15
3
0
36
16
134
0
11
0
0
1
0
0
0
23
14
3
0
6
138
2
89
1
8
77
2
0
245
2
159
0
5
0
0
149
0
0
0
17
36
10
0
245
13
70
231
0
3
0
5
0
6
207
164
8
0
2
3
239
1
2
0
0
54
11
3
118
240
37
1
79
0
11
3
0
38
0
0
40
0
5
0
1
3
0
38
0
10
0
136
32
21
0
288
1
98
2
27
143
11
7
0
1
283
130
2
73
3
0
246
3
255
141
87
13
0
1
0
7
0
0
2
89
0
10
0
204
11
150
4
131
224
0
2
82
11
20
226
7
254
288
1
0
4
8
102
32
17
2
44
2
0
0
0
6
3
0
21
0
2
20
1
21
0
15
31
1
20
0
128
263
130
35
0
46
15
3
36
12
95
1
67
0
5
0
4
224
13
21
18
74
5
19
52
1
56
4
298
1
0
4
0
13
0
2
27
3
179
239
1
117
2
237
0
6
2
0
7
119
0
0
9
0
1
118
0
4
172
0
2
286
2
0
9
201
6
0
21
22
0
3
123
5
3
0
36
1
67
0
68
2
24
3
0
74
115
1
0
2
27
0
19
62
15
40
129
10
0
1
3
0
0
259
0
14
0
0
15
24
0
0
122
20
0
4
0
0
0
264
1
47
2
0
214
0
0
2
3
244
185
1
26
0
0
2
266
61
0
0
6
177
144
7
280
0
1
0
96
0
0
0
5
0
4
0
14
0
4
66
1
0
20
271
116
6
0
0
1
53
79
0
2
0
33
278
10
0
25
14
0
8
22
159
2
0
0
0
0
11
295
38
168
20
1
33
0
0
284
2
0
0
2
0
4
60
122
126
10
9
82
2
0
21
24
23
0
0
1
58
84
4
0
13
235
1
0
94
213
142
12
77
188
0
1
138
2
0
14
0
13
9
0
0
6
0
0
31
53
47
6
0
3
52
190
46
0
3
0
0
1
104
4
9
0
18
276
137
0
2
3
120
0
0
93
4
0
4
6
0
5
0
1
67
0
5
0
4
0
13
6
2
9
0
265
6
93
10
0
14
19
68
6
51
68
4
8
85
12
1
19
18
101
29
0
0
1
0
0
20
24
14
3
0
11
272
192
1
14
272
0
68
4
127
0
31
272
229
1
0
4
79
243
0
2
0
105
114
6
163
123
0
3
254
0
6
9
96
1
10
88
5
61
0
4
0
6
26
23
0
50
0
3
106
10
7
68
5
252
2
9
186
104
10
0
1
0
1
41
19
270
48
58
39
26
22
44
16
117
1
51
0
62
5
31
33
0
2
0
22
89
164
279
137
0
1
127
0
55
3
52
4
6
3
0
130
11
20
1
0
10
258
4
0
1
14
0
0
4
8
0
0
2
0
39
8
24
157
11
9
0
7
80
5
0
0
1
53
47
5
12
4
0
1
65
212
18
3
0
55
115
81
73
12
113
12
128
153
13
9
0
0
261
9
0
10
0
0
232
1
17
50
23
0
2
286
35
30
188
84
10
3
170
0
37
1
29
0
32
0
17
35
0
0
161
0
0
3
0
171
275
14
199
1
46
18
143
2
0
5
3
0
0
4
41
0
5
3
0
0
1
228
27
17
47
5
0
1
175
0
6
0
0
170
0
285
249
21
251
138
2
27
9
118
0
1
98
0
15
0
0
14
3
183
8
0
15
0
1
43
7
0
86
241
7
256
52
1
0
4
79
53
47
5
12
1
28
0
6
0
2
89
166
18
190
79
53
0
11
9
80
1
48
0
2
3
0
58
0
269
0
4
248
103
0
0
14
1
0
0
1
0
2
246
0
1
0
0
0
82
1
64
0
287
21
177
96
7
250
30
0
6
0
21
0
36
11
7
0
288
1
98
0
4
0
1
1
85
12
2
51
262
21
0
2
290
3
260
189
271
0
1
126
34
214
25
16
7
0
0
11
9
202
1
0
3
0
30
0
1
159
84
25
2
88
9
0
218
1
70
0
0
2
61
223
1
85
12
4
0
4
11
0
28
0
6
0
0
19
217
0
11
9
106
1
138
2
230
28
200
14
108
69
1
64
44
19
13
234
1
0
37
154
26
0
14
29
0
6
3
29
294
0
1
0
71
21
0
232
188
68
5
3
0
1
0
0
18
7
0
11
51
0
29
1
0
2
0
4
155
66
92
18
7
87
4
75
7
0
1
25
18
7
292
86
10
9
0
241
284
1
0
6
0
0
63
32
3
87
2
0
4
48
78
295
0
1
0
1
104
23
3
0
0
0
4
8
0
181
207
15
219
30
7
0
0
17
35
0
4
0
17
35
0
4
0
17
35
0
1
0
4
0
13
8
0
9
0
0
15
0
59
34
82
2
0
20
10
3
37
2
100
1
26
97
7
288
2
0
55
15
3
0
0
25
1
0
78
7
0
2
194
14
0
13
48
97
19
119
0
0
0
33
298
1
7
0
0
21
8
77
2
139
3
0
202
8
32
1
124
109
3
0
5
40
0
2
162
16
28
117
1
26
0
222
2
0
15
12
16
7
0
1
67
119
54
0
1
0
0
2
40
277
6
0
0
5
3
54
4
0
0
13
56
11
28
209
169
6
160
0
1
32
0
6
0
12
23
0
58
4
6
111
0
17
58
0
248
35
293
248
1
0
0
42
7
49
209
0
5
9
84
6
7
0
11
9
52
1
127
42
231
7
0
277
1
8
34
0
144
0
1
8
0
0
0
11
187
148
4
8
0
0
0
0
4
59
8
0
14
7
220
0
2
163
1
117
0
18
16
98
7
211
16
134
100
1
210
6
26
23
0
11
144
6
0
1
70
24
0
11
12
4
0
1
56
2
19
203
4
115
34
27
0
0
0
0
0
9
96
6
236
0
0
0
0
10
0
3
116
18
0
41
39
34
0
107
34
27
0
0
1
28
0
34
71
135
0
2
0
1
33
40
129
2
0
4
67
0
4
6
8
0
224
0
7
0
6
0
68
1
0
2
0
0
25
2
0
58
3
0
5
0
0
0
10
46
6
39
8
22
44
2
89
1
3
0
1
0
2
71
233
0
0
150
178
0
0
14
0
0
0
0
2
57
0
0
1
0
22
63
0
11
0
198
0
0
1
16
8
0
222
4
26
157
9
179
0
2
0
39
0
120
2
12
1
197
28
0
15
94
30
1
0
0
27
0
2
0
4
41
0
20
74
22
89
12
204
11
150
1
0
4
0
55
13
0
1
216
0
45
101
216
0
1
228
27
17
47
59
9
106
145
109
0
2
32
175
16
0
1
26
95
12
4
210
1
3
0
11
3
0
0
111
0
31
21
36
38
95
19
106
22
69
20
1
0
177
0
28
140
99
83
1
0
0
0
0
45
25
1
26
176
147
0
0
0
15
3
0
0
0
4
158
13
48
78
210
0
4
113
134
99
0
4
8
99
174
1
0
0
174
6
249
190
0
27
7
0
11
24
50
1
0
4
3
0
0
34
231
193
152
3
52
6
0
21
12
22
0
76
0
0
0
33
1
0
301
60
0
141
0
10
3
120
0
0
0
4
0
0
0
1
0
233
110
26
196
189
4
107
34
32
0
5
285
152
7
83
1
0
0
58
20
1
0
37
110
3
0
0
5
0
4
8
88
133
8
0
1
8
0
24
38
162
2
57
31
137
1
8
193
16
160
16
90
1
39
7
156
11
192
191
13
49
0
0
13
28
106
18
53
47
5
24
5
12
1
100
237
3
112
125
15
3
52
0
195
1
48
97
141
3
0
15
0
0
1
91
2
0
4
0
0
4
6
21
0
0
0
73
12
30
3
112
125
13
0
0
2
99
14
28
0
0
13
65
58
12
100
45
3
118
112
125
116
280
81
0
0
0
31
0
0
21
0
98
0
29
0
1
0
21
107
221
20
225
1
208
301
10
132
29
223
0
2
0
0
1
70
0
15
3
0
0
2
89
0
19
1
87
63
4
140
0
0
11
58
0
5
0
0
0
1
0
17
35
9
289
4
0
4
6
0
0
1
0
132
296
0
0
0
0
16
0
0
0
70
0
1
85
12
4
0
4
11
293
0
160
1
0
6
0
151
0
31
1
8
0
14
1
8
0
3
0
13
