0
1
126
1
79
1
195
1
432
7
55
21
6
296
10
0
55
95
3
0
7
2
122
7
0
3
44
0
417
7
0
2
0
7
555
1
156
125
161
12
35
44
269
75
320
0
9
35
44
0
76
3
143
31
75
157
103
75
0
1
0
1
1
168
1
8
99
57
108
0
10
235
533
7
147
2
66
27
40
0
6
228
0
98
0
128
1
51
1
0
0
37
38
0
0
22
40
98
0
0
97
12
23
0
20
1
1
415
1
0
1
474
1
0
24
522
0
19
553
77
5
23
6
134
5
422
90
164
1
83
2
45
27
15
237
33
100
3
248
11
42
84
0
14
216
0
3
8
1
0
46
485
1
288
15
191
25
27
5
365
0
113
42
1
0
12
0
3
0
0
7
0
561
415
0
1
67
13
12
1
33
0
10
102
277
1
0
1
51
1
54
1
91
1
25
37
2
38
312
337
0
6
327
10
440
7
6
0
10
6
0
7
9
44
343
327
10
0
0
1
2
45
50
24
0
22
2
188
3
78
31
5
49
0
159
1
4
494
5
414
8
4
494
335
2
255
390
1
5
137
18
543
4
0
10
339
2
21
332
0
17
0
79
2
121
64
115
62
17
0
1
34
27
43
78
14
12
94
1
67
1
166
1
42
132
3
4
0
9
462
15
118
20
2
0
14
285
1
26
149
279
56
20
0
34
135
2
177
4
0
246
1
2
354
2
328
36
42
4
107
2
262
3
36
5
1
198
181
0
57
6
298
10
119
2
0
39
4
0
9
5
106
32
13
22
93
221
0
0
4
0
1
51
46
0
1
153
12
358
2
0
10
76
9
0
29
555
1
0
1
346
1
470
299
0
0
40
33
518
1
126
26
30
348
118
12
310
384
12
6
239
5
173
60
153
551
154
6
0
71
1
0
1
1
440
1
19
1
0
1
562
1
8
0
31
0
172
6
124
0
8
0
6
0
0
41
4
153
9
58
12
14
1
4
129
398
0
8
16
0
0
23
0
9
33
52
23
11
47
11
205
1
2
0
459
69
56
451
0
79
1
14
0
192
1
419
134
1
178
22
0
0
17
4
368
9
303
0
1
145
0
441
185
43
19
35
44
12
310
36
54
26
93
131
36
383
172
253
112
155
29
166
1
1
40
69
0
1
235
1
0
1
128
1
1
2
188
0
1
8
1
0
1
321
1
156
125
161
12
307
43
213
5
24
320
28
64
115
337
5
0
16
54
1
0
18
11
0
65
0
364
30
0
46
0
56
39
4
0
472
0
49
380
16
431
11
0
11
41
1
5
1
174
1
268
18
34
43
0
9
105
521
139
68
13
1
1
87
1
0
1
145
1
1
2
57
6
322
55
106
71
3
401
1
0
282
6
493
101
206
25
0
2
48
1
1
88
1
271
1
354
2
57
6
0
47
152
2
21
160
1
81
1
27
90
6
0
9
151
3
14
146
1
19
222
116
40
76
199
213
26
75
0
12
0
62
26
0
546
340
3
486
14
26
76
57
6
0
70
0
1
0
1
53
23
5
231
4
0
123
9
42
52
374
6
0
1
169
1
29
1
275
18
100
3
48
0
17
528
7
217
82
0
32
19
41
4
58
11
0
1
183
75
216
0
31
0
0
7
0
62
0
7
3
90
1
145
0
32
397
1
13
1
1
87
1
98
309
3
0
19
442
37
145
0
119
67
464
0
4
284
0
0
10
119
0
1
56
13
130
280
3
5
334
1
298
1
469
1
36
154
0
17
0
4
61
51
40
2
0
29
167
1
0
1
263
0
0
0
27
2
0
1
45
0
8
34
2
0
0
23
11
33
0
11
2
45
21
77
11
2
45
50
3
11
171
6
174
2
21
175
0
32
11
0
0
1
175
2
21
332
0
339
60
10
140
1
190
0
73
247
14
1
8
251
449
163
0
0
185
0
411
457
1
63
37
6
117
18
48
6
331
1
0
1
0
1
178
11
0
1
198
181
0
65
21
101
14
148
0
0
0
65
21
101
13
154
15
0
29
1
0
1
3
30
0
388
362
17
4
0
7
84
45
0
1
0
7
42
73
82
0
40
5
27
103
0
1
169
1
545
225
508
17
476
1
60
6
0
0
2
116
23
2
131
0
189
118
119
7
86
150
23
6
0
0
0
14
12
6
128
0
22
2
82
130
0
4
0
10
377
302
0
16
371
16
197
9
97
17
14
1
201
1
0
47
368
0
0
0
0
0
65
183
86
291
215
7
0
0
1
0
1
138
1
0
1
124
1
159
1
0
1
0
1
61
378
10
18
102
340
3
321
7
0
121
25
13
489
167
1
134
326
173
0
23
6
87
0
51
67
1
0
1
0
1
481
1
491
11
226
1
0
1
0
11
0
1
2
259
121
15
0
9
15
0
1
53
87
19
53
102
0
31
22
19
194
0
4
246
0
4
0
1
1
193
1
237
1
381
6
174
93
336
0
9
86
8
1
41
2
21
0
59
0
31
15
0
88
3
18
143
31
15
157
1
0
1
94
1
30
4
36
7
92
1
559
11
30
142
0
10
142
43
0
0
257
398
193
1
23
349
4
58
5
82
48
0
0
270
260
19
1
149
197
37
96
79
484
1
525
1
19
11
0
1
2
1
5
1
14
117
12
0
0
0
0
46
275
64
0
0
8
84
48
111
0
251
5
123
24
521
291
1
0
1
92
1
41
46
4
46
557
46
58
46
2
141
14
56
31
0
91
1
424
1
2
45
78
5
68
25
3
36
162
1
5
1
109
1
190
244
77
2
392
3
123
29
3
42
33
278
34
2
400
21
1
75
51
46
55
195
0
7
55
360
3
0
40
55
372
13
9
13
195
138
1
0
1
8
199
123
29
83
98
405
15
228
0
255
246
15
0
0
246
83
2
199
123
29
1
0
1
74
1
271
1
0
1
198
181
0
372
3
0
15
0
10
5
16
529
22
30
2
241
56
163
319
529
327
561
6
0
0
16
15
291
1
0
1
0
0
25
27
76
122
0
0
342
248
1
0
155
29
19
0
18
66
164
57
559
438
14
168
22
106
0
6
0
0
23
560
12
4
168
10
438
1
1
0
1
0
1
0
0
7
0
11
8
1
8
295
2
27
202
50
3
38
16
6
279
202
19
137
38
124
202
0
0
8
7
468
4
58
12
14
11
6
0
11
215
29
1
117
1
222
1
0
17
219
3
454
0
71
32
4
0
1
0
1
0
4
292
0
85
0
19
44
2
50
19
44
1
91
0
254
1
0
0
0
0
193
16
0
10
54
7
490
378
0
59
211
505
7
9
0
39
54
17
0
439
1
4
363
0
17
4
0
9
0
0
12
0
1
261
182
0
7
261
0
9
407
0
7
9
0
0
166
1
317
1
2
0
20
482
1
526
11
191
1
51
1
0
0
0
1
489
265
4
0
0
10
0
16
263
0
439
0
23
153
1
435
1
563
1
0
1
1
1
0
1
0
14
300
70
483
2
196
18
0
157
17
42
35
107
15
0
172
18
202
0
288
229
1
215
1
1
309
0
536
61
47
0
1
232
11
56
13
350
30
4
176
5
0
11
256
0
0
4
487
1
2
82
0
256
506
2
50
3
0
29
39
8
1
420
0
0
1
8
1
0
1
109
1
76
1
34
30
142
0
7
34
30
142
0
0
1
231
1
34
28
43
20
0
1
249
1
389
0
12
4
0
0
294
0
99
318
402
1
34
12
120
6
417
260
0
17
30
11
23
7
34
27
5
133
31
0
22
18
0
11
0
1
0
1
42
239
25
28
5
11
8
7
512
35
1
2
0
36
0
20
2
236
4
0
12
60
352
60
303
283
325
1
102
71
186
63
179
8
50
3
248
167
1
32
1
0
11
297
1
196
1
25
27
5
18
1
209
1
91
1
14
12
20
473
1
8
39
4
0
141
10
453
9
0
1
366
1
2
137
63
0
177
6
530
3
416
6
224
1
8
288
191
2
155
29
165
11
0
8
217
221
49
0
16
305
0
17
111
174
1
1
14
0
15
127
1
62
1
8
82
206
150
212
343
0
10
0
353
154
0
155
0
0
0
13
1
315
10
30
2
131
68
79
20
0
19
193
1
49
1
8
1
53
66
0
9
164
15
294
99
450
13
0
531
19
33
18
6
0
427
10
14
316
9
19
33
6
0
240
1
272
1
352
1
19
1
26
5
106
310
248
140
7
41
137
38
4
0
170
5
137
122
3
4
85
5
36
11
8
0
0
15
429
0
1
3
1
139
1
3
4
547
73
52
0
265
6
488
10
0
152
10
100
550
54
7
58
5
1
0
1
469
1
136
1
6
148
31
4
394
10
43
0
72
18
350
13
7
0
175
0
0
221
5
106
0
60
297
60
2
207
5
1
22
2
110
50
5
9
72
0
3
38
313
1
1
0
0
0
23
4
0
0
194
0
7
52
23
5
196
49
24
157
373
8
1
2
328
462
0
10
142
541
16
4
505
9
116
35
411
1
160
32
0
61
7
393
39
5
59
4
536
5
0
49
433
465
9
35
0
10
0
1
2
0
480
116
130
150
0
26
69
0
69
195
95
3
0
4
0
1
64
1
0
227
1
2
52
0
4
292
333
85
1
108
11
220
1
42
239
0
29
8
160
7
9
6
296
10
13
1
237
1
0
1
280
1
16
4
227
3
1
1
2
112
23
0
22
2
82
48
284
25
225
4
0
28
171
35
107
267
16
238
219
1
13
1
523
0
0
149
525
7
210
268
94
1
269
133
10
90
12
18
6
0
1
0
24
501
0
96
342
11
4
523
487
0
434
3
535
7
55
65
0
1
565
564
1
0
1
0
1
0
1
0
1
104
11
15
382
25
99
4
284
361
89
17
5
11
8
301
2
45
0
1
28
5
70
0
8
1
54
1
1
41
6
0
2
450
0
24
466
1
16
4
0
0
10
119
433
112
0
1
1
0
1
0
0
0
32
15
499
9
60
0
60
2
0
13
2
241
0
1
109
1
2
0
0
3
321
9
5
0
13
1
456
1
0
1
476
114
0
20
104
1
1
459
1
302
0
3
145
0
0
43
1
52
141
105
65
68
1
381
14
134
16
214
455
256
498
12
63
88
212
166
10
0
214
0
46
0
10
304
1
318
1
0
1
2
36
0
22
34
247
14
230
23
6
0
369
0
1
42
0
8
3
27
147
16
15
463
7
358
2
135
428
3
27
119
1
13
1
0
16
6
0
0
0
0
131
78
20
1
109
22
35
109
1
8
1
34
28
43
0
140
11
242
186
1
2
45
50
3
534
5
80
1
0
547
47
0
89
0
14
245
0
77
47
432
1
40
30
5
27
12
414
43
3
121
25
503
5
37
144
119
5
299
6
296
31
54
22
5
331
54
64
1
2
188
351
0
437
18
103
53
4
293
22
103
15
0
6
0
0
117
73
336
179
8
0
3
197
1
0
1
35
1
0
1
41
163
0
0
1
258
1
503
1
2
143
3
191
22
4
0
12
319
1
0
5
7
62
359
1
380
0
21
542
0
9
2
236
93
0
5
1
34
28
105
0
40
158
0
23
79
9
507
74
3
38
340
3
0
49
0
0
10
0
1
9
270
37
112
187
7
0
40
267
18
154
13
0
159
1
0
533
151
3
19
0
5
57
32
409
17
6
0
1
0
1
53
94
18
3
38
94
7
9
53
94
3
96
173
72
254
11
76
1
0
418
110
0
8
49
15
485
550
24
0
1
65
21
101
14
148
4
0
10
0
5
66
0
32
0
61
65
21
101
13
33
336
24
276
0
1
1
258
1
2
0
430
2
0
4
85
0
89
456
0
32
15
537
93
88
70
406
1
1
30
51
286
2
48
19
5
45
23
8
393
39
5
22
53
63
46
15
463
3
206
5
214
1
53
149
77
3
242
1
0
1
14
12
0
1
273
1
156
125
161
12
102
0
0
10
24
243
0
6
0
17
54
126
7
257
5
1
71
1
0
290
3
42
5
133
31
12
418
44
10
4
250
157
16
4
169
47
105
318
477
10
6
0
0
1
0
0
99
0
8
3
48
15
97
376
1
8
1
220
1
33
449
142
225
442
39
4
223
151
3
44
514
39
0
0
16
4
293
1
97
12
87
167
1
128
1
29
1
1
232
11
0
53
63
20
277
25
0
2
48
113
79
1
171
63
23
1
44
0
0
9
6
0
0
10
6
0
46
1
338
24
0
7
18
24
0
397
0
1
5
1
8
490
6
104
0
128
234
1
14
1
53
89
108
347
0
344
231
0
1
13
11
117
82
130
230
8
16
4
0
62
0
8
22
275
0
96
173
158
458
31
15
0
228
479
232
1
2
36
437
1
16
1
386
0
1
528
99
278
8
25
104
2
135
39
0
0
1
8
1
80
1
136
1
91
1
35
1
27
0
0
0
20
70
323
49
5
1
8
1
0
1
129
1
136
1
304
1
51
1
38
460
0
522
1
85
1
247
42
50
3
392
6
444
488
0
1
108
356
0
11
355
1
0
1
171
6
146
31
269
13
3
4
0
22
43
45
412
41
6
104
170
19
253
12
1
312
289
1
0
1
8
1
1
43
1
2
78
4
58
18
7
134
1
61
1
0
446
17
150
1
495
1
1
91
1
115
1
43
1
26
14
12
4
66
107
2
37
21
5
470
144
13
1
28
1
60
115
60
2
0
31
0
2
110
0
23
13
1
0
1
3
4
0
19
0
10
0
16
0
46
144
6
0
1
203
1
2
78
69
0
42
159
186
1
160
7
22
96
13
0
1
26
0
0
0
37
208
6
0
39
0
210
20
37
2
1
17
1
501
1
15
125
0
199
0
1
482
1
82
55
242
71
3
0
44
9
27
13
30
113
165
1
8
1
15
395
12
540
1
5
95
3
0
34
5
78
42
0
89
0
233
0
383
0
325
36
341
1
5
0
90
233
15
127
353
15
0
1
68
1
0
1
198
181
0
6
146
101
0
10
24
36
6
146
101
540
235
0
1
0
1
249
1
13
1
67
1
4
169
37
38
0
233
0
1
105
2
21
4
250
408
16
4
245
0
1
20
0
17
305
1
0
1
13
1
26
2
207
3
151
3
216
226
0
282
15
429
1
234
152
10
451
3
8
31
0
8
7
213
4
0
152
1
23
0
1
2
48
13
1
2
27
4
220
170
1
22
45
0
8
1
53
23
6
0
493
10
25
0
177
37
2
48
1
250
1
4
317
19
344
0
0
28
421
32
4
44
514
0
0
179
15
127
0
1
2
21
67
332
0
339
1
2
21
0
14
0
10
0
1
14
1
2
63
188
0
20
115
17
14
105
28
70
0
1
17
1
8
1
8
1
427
1
402
1
34
28
5
180
39
74
11
83
72
16
4
223
9
33
0
5
9
72
4
66
0
16
4
223
7
286
1
26
2
478
44
150
85
143
31
25
128
0
12
39
452
33
100
3
0
54
1
0
1
51
1
71
11
17
1
61
44
71
32
538
9
15
0
28
164
71
39
13
49
4
0
9
0
0
1
105
37
532
272
1
4
317
19
33
29
51
67
179
8
50
3
0
81
113
6
530
1
183
32
504
40
2
68
13
471
1
35
289
22
2
82
543
14
12
97
1
163
509
0
48
71
233
4
157
0
5
513
0
1
295
26
43
324
0
0
287
93
0
48
16
371
17
13
1
111
1
13
1
26
162
0
3
8
17
4
0
10
4
61
98
330
4
0
1
258
1
69
12
23
166
41
4
153
1
379
1
92
1
88
1
73
1
2
236
14
0
0
20
69
37
145
0
15
77
1
160
16
4
0
10
4
0
24
502
262
3
96
17
0
1
0
1
8
1
0
1
287
1
0
1
290
413
1
4
0
12
40
5
0
5
0
21
155
29
6
182
1
0
132
0
71
3
8
40
72
323
1
12
13
104
19
2
50
3
206
4
0
83
10
30
4
333
311
11
23
2
52
259
0
25
419
93
30
28
1
162
159
116
23
267
16
0
0
1
229
47
382
76
199
52
183
0
420
80
10
75
0
396
396
1
431
1
16
0
5
106
0
7
136
7
4
0
59
6
0
37
0
5
113
1
167
1
170
1
2
314
25
0
13
12
40
0
209
3
0
4
0
17
79
93
196
32
5
1
0
1
5
1
1
17
0
1
0
9
363
99
3
38
16
108
515
0
3
531
29
0
9
43
95
3
38
0
257
351
341
1
4
0
10
6
0
19
114
0
1
1
190
244
77
2
123
29
33
278
34
2
400
21
1
0
1
5
1
176
1
15
0
2
50
3
38
465
5
20
104
8
0
8
64
1
2
0
45
48
14
23
25
28
5
20
0
46
170
1
2
82
242
3
4
423
55
360
7
24
0
0
54
1
0
11
0
0
31
73
5
28
9
24
0
47
8
15
41
1
484
1
156
125
161
12
40
43
122
345
64
115
7
64
113
4
0
1
0
0
1
49
0
16
15
506
2
0
5
3
390
5
221
239
229
2
36
5
22
35
70
107
1
14
12
163
0
0
249
1
197
1
252
1
454
30
10
149
176
38
4
0
1
190
91
2
116
23
120
12
6
44
16
6
0
0
10
14
483
1
97
1
0
91
1
1
1
87
1
250
1
41
247
14
46
447
46
0
1
496
1
0
0
5
59
0
1
0
7
314
15
0
11
25
27
76
0
147
19
0
1
41
4
557
58
1
2
121
20
448
0
311
244
61
9
210
23
44
0
180
134
1
452
0
1
163
0
0
0
16
24
395
1
0
0
26
5
475
95
6
0
519
0
1
1
224
1
0
0
365
0
0
1
58
0
0
1
5
195
0
16
201
72
110
16
238
219
1
124
209
1
4
0
10
74
12
4
394
10
6
0
0
0
1
0
1
91
1
1
0
1
34
12
14
20
70
495
1
1
25
0
135
2
3
0
5
1
18
1
35
79
7
0
1
2
137
122
220
22
120
300
44
2
308
0
3
16
347
0
89
32
409
17
6
361
1
204
6
148
31
178
0
9
5
0
80
10
15
97
1
2
21
6
524
32
14
129
16
214
0
191
187
8
1
542
227
1
74
1
94
0
5
37
58
51
177
1
1
26
5
37
486
4
176
7
5
68
41
0
12
1
136
9
5
0
241
428
1
2
50
3
218
6
426
0
384
22
2
52
0
0
9
2
78
33
64
225
3
27
19
67
1
0
1
0
1
0
1
9
72
52
60
319
7
337
13
30
7
60
5
106
251
13
0
1
1
13
1
1
61
1
160
330
5
59
4
0
0
3
24
502
49
35
424
3
218
13
3
1
0
1
8
1
33
0
5
498
238
1
192
1
117
1
0
11
28
5
180
17
36
51
67
11
33
180
17
6
534
272
1
48
5
6
134
73
0
0
24
97
9
287
1
0
1
27
1
58
1
0
1
19
11
0
1
41
1
1
55
30
21
19
44
85
73
52
0
24
61
539
102
0
1
17
8
86
81
1
92
1
1
1
65
21
0
6
148
31
18
0
26
72
207
9
101
13
15
243
551
15
243
1
42
52
38
90
47
8
2
131
68
305
1
404
158
49
108
0
179
8
50
3
0
1
8
468
0
42
17
211
0
0
373
444
7
457
253
7
5
68
70
41
7
7
1
15
408
52
548
8
3
48
0
285
9
2
21
0
16
15
0
558
1
172
6
35
59
8
1
0
1
1
0
1
23
69
0
164
1
139
7
2
422
81
165
20
171
19
167
1
519
8
84
36
184
280
22
124
209
1
8
391
0
366
2
45
23
5
7
2
45
50
3
143
3
0
0
364
10
0
0
0
16
75
0
1
8
1
2
131
21
4
0
0
0
22
2
308
461
81
203
20
357
15
70
445
1
87
1
1
132
3
4
0
0
208
47
0
0
1
8
1
281
0
1
43
0
8
9
18
0
504
16
36
12
6
425
0
9
86
329
59
30
0
1
326
1
55
114
0
513
520
376
1
4
544
110
0
22
0
0
334
1
1
497
1
158
65
21
6
0
39
4
0
322
7
55
65
21
0
565
564
1
466
1
192
471
9
33
0
1
14
1
34
12
15
0
20
473
0
218
187
1
264
1
264
1
2
0
0
32
4
499
39
138
7
20
172
25
0
100
1
447
1
189
16
36
12
189
6
127
64
182
1
1
326
1
385
1
0
532
8
1
0
16
6
0
107
62
0
107
1
98
18
0
1
0
1
1
1
2
188
158
16
14
0
197
0
4
129
73
0
241
6
387
425
0
59
149
0
19
56
446
17
8
1
5
375
8
2
0
21
3
38
0
552
1
1
35
44
112
458
8
39
30
1
391
11
156
125
161
12
102
0
0
31
359
178
0
5
21
7
66
17
24
243
3
230
39
5
0
1
132
71
1
14
219
194
130
21
6
0
0
0
1
0
1
87
1
2
255
18
0
5
59
15
127
1
8
1
2
36
0
0
1
554
1
0
1
190
1
205
1
123
1
97
1
84
1
1
187
1
72
20
155
29
9
2
36
13
1
14
12
4
0
61
16
6
0
19
464
57
3
38
29
39
118
0
9
2
21
57
13
1
85
25
28
5
11
8
7
18
500
553
0
176
62
0
2
63
21
35
0
234
1
13
1
0
1
1
5
1
0
1
26
2
207
3
151
3
216
226
0
282
13
81
7
109
1
5
0
192
55
57
335
83
5
141
5
313
147
88
1
164
1
370
1
92
1
0
1
0
1
98
180
17
178
9
0
0
3
215
4
58
29
1
306
52
367
3
96
173
306
18
313
80
17
0
0
4
510
1
14
169
194
325
74
1
1
2
324
96
6
497
80
10
81
0
49
0
140
9
2
308
461
81
203
32
61
254
10
35
0
20
357
15
70
445
1
40
5
21
0
517
0
9
138
12
0
72
18
120
1
58
30
10
14
290
168
0
33
100
3
0
560
539
4
0
9
0
0
13
26
13
0
49
8
83
2
21
57
13
1
0
1
283
1
237
1
186
1
554
1
1
264
1
0
1
94
147
0
12
100
32
49
15
0
558
9
2
135
307
0
10
13
1
12
4
0
20
104
26
69
0
16
303
273
1
14
184
0
11
349
11
13
1
88
1
0
1
1
139
1
94
2
0
260
14
22
0
0
66
196
13
103
10
6
0
0
20
46
13
1
1
28
11
75
18
102
0
26
75
426
0
102
124
3
42
22
18
0
54
31
232
1
34
135
2
110
274
1
36
1
306
59
0
0
286
126
1
156
125
161
12
500
23
79
40
345
52
367
3
96
43
309
9
78
0
7
22
0
1
162
16
0
50
3
132
0
103
15
0
118
314
285
9
33
18
31
3
208
0
538
16
4
0
3
48
13
1
0
7
2
27
18
23
404
311
0
0
49
63
189
211
118
0
80
47
63
189
47
268
435
0
1
0
1
53
467
3
183
0
17
0
51
7
22
24
228
9
0
479
132
315
1
26
5
95
3
144
6
331
59
4
343
11
0
8
0
7
334
1
51
1
92
1
0
0
12
14
5
1
126
2
45
0
40
2
0
17
252
11
2
45
48
201
80
10
13
1
0
80
105
7
0
64
0
3
546
14
0
1
1
0
12
281
1
13
184
0
1
0
1
1
34
27
2
475
0
3
14
1
0
1
386
1
204
6
146
31
0
16
0
515
527
204
6
146
31
25
33
4
66
44
231
1
87
1
491
47
556
389
0
194
68
25
3
175
62
159
480
412
4
315
0
0
4
0
51
3
74
1
120
1
28
1
0
1
17
0
7
60
5
68
7
56
0
0
1
111
10
74
28
0
7
0
1
92
1
53
18
130
0
16
4
293
9
2
50
3
0
81
1
441
1
0
34
4
0
0
338
99
18
89
0
0
1
104
1
2
37
478
14
229
0
60
69
0
0
49
6
0
0
32
1
2
37
66
436
44
77
302
89
150
0
39
138
1
8
1
144
192
2
45
95
13
1
69
0
29
52
6
182
64
0
1
526
328
5
295
0
4
0
133
338
152
10
154
0
10
13
11
109
1
8
1
563
1
53
30
113
1
10
1
4
0
3
19
413
11
261
1
162
50
3
406
8
113
49
6
537
11
109
1
1
36
37
0
0
9
77
53
89
6
168
9
2
110
116
15
127
0
0
17
4
108
541
15
0
1
35
1
271
1
0
0
1
46
0
18
205
379
1
84
1
0
1
2
21
14
0
0
481
86
388
9
0
203
3
416
8
205
1
0
2
63
27
18
133
1
1
1
20
2
477
1
549
3
549
7
511
3
511
1
55
30
0
193
1
12
14
4
0
0
1
5
1
165
1
139
1
73
434
273
40
76
37
151
3
277
226
9
0
17
0
0
0
1
90
11
25
27
5
58
29
14
0
1
84
208
387
0
46
2
131
21
423
3
38
62
201
1
9
4
0
324
0
74
18
130
430
1
2
0
0
83
2
56
0
22
15
0
300
262
3
0
20
67
86
0
6
385
1
407
118
117
1
111
1
25
27
5
7
41
12
4
0
46
0
90
59
0
443
1
0
11
0
1
453
1
28
5
16
6
279
62
52
307
496
51
67
11
0
1
0
11
14
1
552
1
562
1
25
448
377
135
2
100
3
38
240
3
0
29
4
283
11
0
304
1
5
1
126
1
20
346
14
129
56
20
405
10
8
217
0
6
0
3
48
335
59
8
1
2
57
35
234
2
57
14
115
281
1
222
1
5
1
0
1
0
1
42
52
38
90
8
301
73
19
12
1
13
11
0
1
0
1
249
1
201
47
98
421
0
39
4
223
9
14
182
129
362
240
17
455
99
89
520
3
244
0
1
42
0
0
0
12
20
0
8
1
0
1
227
1
22
1
0
4
58
0
17
0
7
2
236
5
0
16
153
1
98
274
10
43
0
3
38
0
1
86
0
9
2
63
116
23
0
10
6
85
83
10
13
1
26
75
6
369
0
0
19
0
0
47
200
8
117
47
200
15
245
316
47
84
47
114
259
0
59
76
165
47
1
13
374
8
254
0
342
0
80
10
0
0
46
0
184
6
0
26
158
9
211
0
0
13
7
0
1
330
1
0
129
0
556
0
4
43
5
45
68
62
23
7
107
3
399
24
370
527
103
1
8
1
54
1
126
14
12
6
128
224
1
26
66
13
56
253
0
16
30
0
1
121
11
47
141
1
240
1
276
0
10
4
292
333
85
1
84
218
187
7
2
78
15
127
0
1
510
1
0
443
28
20
355
83
202
12
120
112
147
120
11
56
4
0
0
212
37
38
410
11
185
200
5
1
185
200
24
356
316
1
185
132
3
24
472
1
0
24
0
1
200
81
1
0
1
14
245
0
12
70
51
32
224
1
84
175
13
1
0
11
92
1
139
1
22
4
0
0
10
0
0
251
74
7
9
0
3
524
74
1
0
1
0
1
0
1
0
1
136
1
108
43
28
518
9
111
21
4
0
3
122
93
45
133
1
0
516
88
1
0
516
88
1
399
111
0
1
5
106
15
0
1
0
0
0
1
2
45
133
41
24
174
12
7
103
5
78
53
0
62
103
5
50
252
1
33
274
10
13
1
301
0
121
2
0
329
7
114
56
329
7
114
0
13
7
114
492
13
6
276
141
7
66
410
0
5
548
165
1
5
65
114
0
29
24
320
7
2
122
7
0
401
509
0
263
4
0
1
92
1
140
1
28
5
0
32
0
11
18
0
7
35
1
467
1
312
289
22
111
10
0
112
95
3
299
41
0
28
9
25
3
18
0
54
1
0
1
20
238
33
545
0
1
2
375
15
294
2
57
0
9
217
492
8
6
298
10
79
2
57
3
48
323
1
39
4
0
10
77
7
40
474
56
110
6
322
1
138
1
86
0
0
41
27
55
507
1
1
198
181
0
204
6
148
3
0
81
9
0
4
0
436
177
1
517
1
140
12
6
0
460
10
61
1
26
348
118
12
0
508
3
213
24
0
69
184
0
3
143
3
8
210
5
95
3
144
6
297
87
230
16
4
0
1
34
12
13
20
124
16
0
11
86
101
0
535
7
9
4
0
544
28
0
7
0
1
0
1
54
1
0
8
1
0
1
42
0
0
80
115
11
162
186
11
0
7
512
41
1
152
1
0
0
266
18
252
403
7
266
270
403
1
83
266
100
265
6
112
0
77
51
67
1
0
0
12
88
212
0
0
1
1
222
1
0
1
1
