0
1
38
1
9
0
37
0
0
1
0
1
0
1
35
6
1
0
7
0
0
0
0
18
0
1
0
6
4
0
0
1
0
0
0
0
1
3
1
0
1
0
0
0
0
0
1
0
10
25
0
0
0
36
3
1
3
1
1
0
0
0
32
13
0
9
0
0
32
12
2
20
15
41
0
0
0
0
0
1
13
37
0
1
0
0
5
0
0
0
28
0
1
0
38
42
32
12
2
20
26
12
2
0
20
5
1
39
0
0
0
1
1
1
0
0
1
18
0
5
0
0
0
0
24
5
0
0
1
0
0
16
0
0
6
5
0
1
0
34
25
0
1
3
1
17
2
0
19
2
0
19
9
0
0
0
14
0
0
0
19
39
0
0
0
1
0
1
0
16
0
0
0
0
29
1
1
0
0
0
0
9
0
3
1
0
0
4
33
28
0
0
0
11
29
0
0
0
40
16
0
0
1
25
1
3
0
1
0
0
0
27
1
3
1
9
0
0
5
0
7
28
0
16
0
3
1
2
8
21
11
23
22
0
24
0
1
2
0
0
4
0
3
4
25
0
10
4
35
6
34
41
0
12
1
0
2
8
21
11
23
22
0
0
17
0
26
15
1
0
2
0
0
0
14
0
0
37
0
5
8
0
1
0
1
27
0
0
0
0
34
0
0
17
2
0
13
0
0
1
0
0
0
0
1
0
18
1
3
1
36
0
1
0
1
1
0
0
13
0
24
0
4
0
6
4
2
0
26
1
0
0
0
5
0
4
0
6
0
0
9
0
0
1
0
0
1
21
11
23
22
17
0
0
15
0
8
0
15
0
1
27
0
0
0
0
12
2
0
20
0
2
0
1
0
0
1
0
0
14
0
0
5
8
0
0
42
0
32
12
2
20
1
39
0
0
0
17
0
0
1
1
0
0
0
29
0
10
38
0
0
19
0
0
0
2
0
0
2
0
0
0
0
0
2
0
33
4
0
0
0
0
1
0
1
0
0
0
0
0
0
0
28
15
3
0
0
7
15
0
4
9
8
0
13
35
0
0
0
0
0
12
1
0
18
0
0
0
7
0
13
40
18
0
33
5
0
27
42
10
0
1
0
1
6
1
1
8
0
0
0
10
0
13
41
15
36
3
35
0
0
0
1
0
1
0
7
2
0
10
29
0
24
7
0
34
2
36
3
0
17
1
11
1
0
10
7
2
0
1
3
1
6
0
24
1
0
0
30
31
14
0
0
30
31
14
0
0
30
31
14
0
0
30
31
3
1
40
16
7
2
0
14
16
33
4
0
0
19
21
11
23
22
26
1
1
21
11
23
22
0
0
1
1
0
1
