1407
8
7
418
183
16
1355
1649
1
1
1269
1
154
1
926
4
1
726
1
918
1
1260
1
1557
1
248
1707
987
240
10
1566
248
1
321
1
0
701
223
602
160
18
1115
12
27
46
3
271
3
1439
32
150
1468
5
463
841
425
9
222
404
1
889
3
736
34
12
7
1473
9
451
1655
2
254
77
7
1582
23
949
17
83
9
7
1633
1
1
1119
1
1791
107
1
533
1
376
1
148
33
3
1206
897
13
275
3
966
94
1548
1
1386
1
244
1
1
1
1
331
1
527
507
644
4
1
1
1
1
824
1
1
1602
1
1
1154
1
1160
1
1011
1
1126
1
480
1
1041
1
1
1
165
162
287
449
520
1694
45
54
80
27
147
37
57
1047
162
287
449
1
27
1
1
1317
298
1043
4
90
208
24
336
183
1
1485
1
1
1
1
1
308
1
1
1
1
1
1
840
865
38
368
24
10
92
1132
3
46
37
92
1
1
1
1250
1
1
881
1
1162
1
1621
11
1782
1781
1784
1
5
1
1
656
1
350
1
1
36
1
1051
11
513
1
1
1198
1
1
98
1
179
16
307
47
643
347
2
297
347
9
145
241
639
1
1287
1
1
1
36
73
3
846
564
108
9
3
32
25
124
30
2
20
22
155
1
1246
106
61
5
884
11
581
680
4
1277
885
15
6
9
14
11
642
15
574
1466
1667
1
54
66
270
6
1575
37
78
3
284
389
108
4
3
270
716
1464
8
1
1
391
1
32
1149
83
4
561
48
57
12
89
123
982
234
1
58
7
79
1203
402
456
379
2
367
8
127
1524
1323
24
1195
1750
1
409
1
253
1
1
528
8
45
1666
1
3
222
259
242
1212
84
38
169
2
48
1
1
1
1537
60
1410
15
1205
662
1225
1
16
1
1
1
536
1
1
1
998
1
1
1033
1
40
61
40
9
122
61
122
112
273
195
34
414
169
370
111
1285
61
14
1
209
1
689
1
1
1
1
1
1
941
1
2
49
522
13
940
336
276
16
135
84
2
49
320
13
86
1362
1
29
170
2
48
82
13
75
11
78
3
23
1345
96
1713
184
4
52
25
387
2
1097
14
57
180
24
361
1
174
830
62
337
1555
96
259
1281
511
9
929
76
1710
13
337
1299
24
5
1060
863
1073
1
1
318
5
433
1032
1
964
1
1
1
1
1087
1
149
13
921
7
1095
47
498
171
52
145
255
126
1283
2
36
105
1
3
80
263
1031
196
9
313
119
3
224
106
162
9
293
3
25
290
67
243
1045
86
95
66
95
3
53
186
1
29
71
237
9
236
43
6
55
447
61
386
21
1542
17
1571
1
1
552
1
7
353
6
32
53
1199
14
460
9
510
1347
44
3
25
7
353
658
146
56
1
1016
1
14
1
43
16
5
355
1445
73
15
6
2
129
8
1
19
103
12
26
297
21
667
46
54
1418
6
1
10
1523
12
362
801
42
309
22
14
13
1474
784
256
3
25
23
238
9
74
115
3
1242
362
21
1
206
1039
33
206
1037
1
199
44
1072
13
106
1297
1493
1527
1
93
118
1102
14
9
85
14
2
317
181
9
441
24
1056
213
1
195
4
1
1
1
34
16
1232
104
4
44
77
927
18
1505
17
4
1471
11
19
28
758
50
19
886
11
914
4
797
15
384
1434
8
3
208
839
1749
1
7
177
705
896
212
49
9
90
1611
14
54
90
93
251
448
1
27
1
1695
793
1515
9
119
74
41
201
1292
9
442
82
203
1
225
324
909
12
10
225
324
172
495
359
257
352
1
1
1114
230
1
69
1
1
101
42
851
697
17
7
1186
9
60
57
12
201
1504
2
251
212
33
74
535
147
1192
2
7
91
1742
1
1
1289
1
1360
1
52
739
7
647
1
1
583
4
1
1
1
1
129
432
20
135
13
88
3
1141
7
1002
1202
417
1356
1452
278
341
1157
1
359
1
454
1
1100
1
52
862
14
13
5
69
1
2
7
1420
57
657
144
15
136
7
248
3
53
6
34
1
45
1066
210
7
34
94
933
272
1176
62
1636
4
773
545
92
1
1535
1
471
500
1255
500
873
10
457
3
23
10
457
1
30
1214
2
5
309
1624
13
467
9
217
25
74
124
19
68
2
719
5
149
12
7
88
849
13
89
8
1
995
8
7
994
1
848
294
283
5
1593
1020
1048
1024
38
16
724
328
1
1
1
1583
1
5
617
857
12
1326
1
69
1
1
167
1
1070
8
858
1
1
1
1
818
1
82
1
957
12
654
530
157
30
74
588
2
1
651
3
53
63
7
223
1714
991
659
185
116
38
153
414
1015
1
1
1
781
398
292
14
6
41
14
45
3
41
6
470
398
54
470
8
45
3
41
6
1488
655
13
10
928
1215
1
1417
70
4
52
315
14
879
1540
15
7
594
175
1
21
16
580
624
1
1
25
823
102
618
691
9
931
4
52
1
29
28
10
1461
1
48
228
2
187
9
2
340
1
79
133
26
305
1
1
1
1
1035
1
18
30
1274
20
6
23
13
26
623
1
14
1
64
120
27
492
1
1
1
76
1
961
1
43
1
293
3
98
369
400
2
68
82
2
21
33
104
3
59
41
2
376
105
1
749
1
45
29
7
1231
425
1
1388
908
4
1550
1705
4
98
1
3
1276
53
621
51
16
1637
18
412
289
1
6
1
1451
2
1038
453
645
1
54
17
1370
93
10
1291
48
1413
47
1697
184
2
1703
894
80
74
1053
5
1646
8
1570
1108
3
1009
20
27
23
258
77
855
1288
1
1
1348
1311
474
17
5
1290
18
10
1236
345
118
246
2
1479
17
632
12
164
1
65
45
81
4
439
295
9
5
485
954
12
115
468
7
334
1623
89
45
16
1629
1
29
121
179
1389
23
2
48
1057
303
1
1759
1
1
1
1498
1
1
279
1718
1139
1
1
20
1
1
727
1
58
7
79
3
168
6
1
1
155
1
1
1
1747
1
1767
1
6
11
971
1
1
1238
1
811
754
501
5
770
1
35
1
557
1
103
40
4
3
190
1234
464
6
1
495
1507
352
12
257
1
114
1
39
462
47
14
9
7
91
3
174
1547
34
12
5
285
1684
1
3
23
59
682
18
66
912
335
5
979
96
1448
62
1336
12
681
1
898
8
1185
1353
1429
1112
45
153
1
628
1349
12
1158
1450
1
1309
424
208
1
76
1
234
948
378
269
1327
27
253
1106
1
1
1138
1
52
836
187
47
7
88
1
1676
139
139
139
1
428
1237
1
209
1
308
1193
97
160
10
1258
1318
1
165
1481
1
1
1312
1
1
1
247
868
117
6
18
66
15
28
397
14
1273
230
1785
1
3
290
7
1601
1076
171
16
5
148
95
7
1422
747
50
86
64
427
20
97
36
207
1
1
1
121
177
33
19
145
68
2
1324
36
1302
9
129
47
7
180
1
1
584
501
698
663
903
1
433
55
1414
1
1
1
19
1416
28
911
407
102
1201
108
1
203
3
453
105
2
251
56
17
87
4
28
2
1200
100
214
22
10
306
1567
12
1431
56
925
56
9
128
5
708
1
1022
1
428
61
1019
329
1
35
1
43
6
9
70
218
195
96
1314
1725
1
1251
1400
1
817
78
666
693
128
26
69
1
124
1
1435
1
1501
1098
11
1634
1204
373
205
30
42
6
245
1270
553
25
109
37
1556
55
1
1
1
1
1632
1
203
1
1
1216
1
1
1
1
16
1
1
1
1
1
1
38
1
1440
1
3
25
71
558
34
94
50
1
1
79
133
186
1
90
374
463
458
1
85
14
1628
9
3
1233
3
190
55
1396
76
9
55
226
35
1
173
1612
4
3
125
226
13
1406
234
775
482
1
482
1013
16
484
135
84
478
67
392
13
179
1
1
1
51
20
424
71
41
2
109
7
69
46
19
32
194
2
53
6
18
52
1664
7
1425
1
1
60
132
11
60
132
15
1490
11
60
132
61
677
13
5
1034
11
1
1
1
94
188
250
94
202
250
94
298
250
94
1
1
1
20
6
1412
2
75
8
103
143
192
19
829
22
100
1
1788
1
1
1
166
158
29
1117
4
5
212
1118
11
1687
1
674
1
35
1
1
1560
1
1618
1
1381
1
1
1352
1
120
1
101
13
204
420
46
205
1
1
1
31
31
31
31
31
31
31
31
31
31
31
31
31
31
31
31
31
1
1
1
1
1543
1
972
11
1
1
476
22
252
1402
4
252
477
1055
4
252
442
1
1
53
187
213
1
1
1
559
8
45
160
587
1128
93
27
1366
8
45
512
1
7
821
9
3
191
5
992
1275
2
696
476
4
1626
4
9
477
1107
1
30
20
6
157
29
151
1224
646
787
9
72
416
15
391
8
1
120
1
1
1339
752
40
12
179
18
411
1121
569
229
5
760
22
7
235
17
1
1
67
1384
5
950
12
132
546
3
190
59
150
36
207
13
7
1553
9
67
111
13
75
15
10
143
9
233
1
12
249
1152
48
5
239
64
1262
1059
57
12
106
422
608
13
10
40
1
1513
1
1
1512
16
170
9
34
33
29
72
277
89
160
1371
1
7
1319
1395
14
2
1331
75
18
19
415
1042
480
13
7
422
822
8
1084
489
1486
1421
192
59
1
19
1698
679
233
12
7
300
159
68
2
407
13
5
450
18
54
660
184
3
296
2
732
13
100
1
1
1520
177
161
220
27
213
254
14
300
230
221
161
575
27
13
367
1
3
184
10
180
796
241
277
13
26
808
1
363
3
322
7
1565
42
7
197
1099
1
1401
1150
478
63
75
1
77
75
351
5
1500
12
377
182
181
12
1532
509
182
1194
1103
1163
182
28
1522
900
1
820
1
75
351
702
181
204
1619
1592
717
1559
1322
38
641
6
222
1122
1350
579
616
182
1
19
627
1494
38
2
1620
75
102
204
123
143
1
1478
1
18
54
20
3
49
63
1293
7
87
9
415
802
13
748
430
1
871
1
1
563
1
1
114
4
1
1307
1190
1295
1104
532
1404
1423
1257
1506
1
3
151
23
607
275
227
22
7
1044
1589
1763
1
1
1789
1
1
431
1
431
1
63
1
1
426
1
1
1
1325
1
16
1
193
1
1502
1
1
1
1
1530
1
1
1
916
1
519
990
23
695
1465
744
9
302
595
1
78
6
168
996
1
51
16
36
17
193
1
3
53
68
2
1568
21
15
461
9
377
63
461
1
38
1
37
1
1
1259
11
1640
58
29
10
394
1
116
4
600
32
325
83
65
89
22
5
340
1
117
1
1
1
1578
1
159
37
10
630
1131
12
10
1516
8
1338
1
39
1711
134
9
39
410
40
2
7
978
138
1
1
1716
5
795
2
706
1662
489
799
637
1761
1
3
23
59
1310
18
838
9
24
1369
61
5
852
1
20
26
970
18
653
769
9
328
15
26
175
1
1
919
1
1
1036
1
65
45
451
4
439
295
9
5
485
1455
12
115
468
7
334
1622
89
45
16
479
1
1
363
469
1610
78
90
93
1463
65
2
1376
76
10
330
33
145
1210
759
56
1
86
52
255
5
1300
1616
1329
2
7
1165
518
144
1
1
1
1
44
1
1
1004
1
99
2
1679
1
1
1
1151
1
1
6
11
25
1213
14
1
51
42
200
18
1023
132
3
41
2
150
9
51
25
3
23
73
2
150
83
8
1
79
133
794
481
1
19
28
130
8
1
37
1361
219
43
3
847
37
3
80
23
110
24
1021
36
143
4
32
28
5
103
40
3
115
200
98
110
1
1354
1426
687
83
1427
4
46
615
4
191
365
140
1058
745
2
1534
83
1778
1
1
388
1
1133
1
1080
30
3
119
63
6
5
341
40
1
1
1608
1
37
472
219
43
3
420
2
974
9
322
199
44
110
196
1
58
1187
4
19
13
5
1595
1
1
78
3
23
2
20
77
84
32
210
475
9
707
4
3
360
32
109
5
668
1
603
51
20
3
23
2
85
1229
2
1243
8
1
1
148
4
25
777
1723
1
1
1012
1
1453
2
809
1096
15
163
1663
2
1672
1
1685
1
1
1
1
1
1
1120
1040
110
1279
499
11
1734
1681
1670
1680
1
690
1
43
421
1
156
318
165
2
6
13
5
1223
260
1
1
69
1
29
18
180
338
3
360
1428
1
17
1
429
1
1536
1
79
133
685
386
800
1
114
1
39
1235
40
1
137
1
185
1496
492
1
1
241
63
175
46
1
1247
49
2
21
17
73
288
18
344
3
246
2
85
62
96
21
218
9
570
56
62
1167
1579
361
35
1
12
249
3
930
17
5
40
12
175
1
1364
1363
152
4
112
1531
56
1700
981
1652
4
55
65
589
1597
146
1
58
264
4
3
227
7
764
149
24
105
16
26
167
95
1409
8
133
26
247
232
4
177
1
877
156
15
397
14
62
10
1783
1
378
1
9
104
1113
5
1521
419
169
111
712
176
791
1653
1067
988
24
5
1029
1
29
34
237
9
236
875
2
48
62
597
710
24
467
140
217
192
396
713
6
1
271
1
590
1
1
357
368
24
7
69
96
3
440
63
7
750
97
4
6
81
48
13
1475
906
36
267
1740
1
35
1
1
1394
1
78
151
156
80
37
15
114
1061
1
1657
2
1683
11
1787
1
1
263
1415
12
236
9
870
1786
1
1062
22
91
16
683
10
1419
46
3
32
700
17
100
261
1
1660
1222
30
10
904
12
529
16
1027
11
819
28
34
1003
1
5
149
16
755
1
69
1
3
1174
81
113
2
109
7
274
13
329
65
5
123
983
1
483
1
1
1
932
1
1
1
1337
1
3
25
23
258
444
635
18
3
395
1301
42
68
2
48
837
1
854
1
714
1
1130
1
619
102
620
13
1717
22
1686
1
1
1
774
5
604
22
869
1
156
11
316
1184
13
5
1518
1147
1617
224
164
737
15
34
12
110
1
1124
11
60
211
15
715
8
144
1359
11
3
1171
506
98
534
11
1
1
1675
11
1105
915
34
5
306
1635
1
136
383
16
135
84
136
13
21
1
1644
8
946
30
228
12
856
16
1572
1245
892
137
1
44
1
1528
8
1063
32
605
7
1462
1627
1344
116
1373
288
33
448
246
2
443
531
28
319
61
210
475
17
7
1086
1760
1
121
973
4
52
292
14
54
19
296
2
85
5
614
338
9
816
9
214
22
83
8
1737
1
479
64
366
6
814
16
28
526
26
73
9
1367
1
825
671
64
648
17
1656
9
159
1654
2
1321
13
53
8
1
566
1
30
63
1219
8
955
2
789
59
1449
65
233
10
1382
1093
1094
1383
9
782
1510
12
731
538
1704
499
1166
486
1768
1
1
5
1563
16
943
466
456
159
861
108
1
1
1599
1
1
39
134
1678
11
35
291
1
3
1014
158
46
10
239
33
3
1609
6
4
19
10
314
11
1
472
219
43
199
10
408
1378
320
95
141
1377
229
5
21
333
1049
1
1
438
1
221
123
73
50
139
289
1
99
2
1668
1
1
1
669
1
419
1
1156
1
211
15
1696
171
11
1735
1
220
6
72
112
311
1217
57
725
1
39
462
2
5
1551
490
1
883
1
1554
1111
98
1170
33
13
10
622
1333
276
1
205
4
90
119
1
1272
684
42
1594
1
762
2
5
238
64
484
85
1508
12
6
4
413
43
29
1137
1
592
1
231
1
1
1757
741
1109
35
1
917
28
1
316
354
1
437
71
366
14
39
1699
1
1722
1
1753
138
1
1587
8
104
70
1607
10
718
555
50
81
113
15
163
154
878
2
1025
1727
1
154
1006
12
5
404
1467
1677
1
1
1398
1
39
1702
134
4
70
11
10
1
1068
11
39
134
2
7
1577
173
1529
4
1674
1
172
8
1
613
1
92
429
9
1642
1
58
7
79
42
6
89
8
39
1588
1590
493
1
1721
1
1161
1
1
1403
1
245
1
1142
1
10
703
137
181
253
436
432
1446
417
576
704
676
1
1
40
25
1101
26
469
20
28
48
1638
17
5
40
985
42
1252
1
1
74
30
3
20
2
5
1240
4
20
2
7
142
1221
9
14
1
34
1
34
1226
1256
1
1
1
1
137
1
27
1
1
596
1
968
1
67
71
567
103
310
498
171
261
1
1765
1
578
1
14
1
895
5
803
828
17
62
944
1
1
1197
1
866
12
27
1
1790
8
505
1
39
1779
11
1483
26
331
9
34
1123
1135
1
1497
1
39
1701
1772
262
1770
1
1758
8
27
1
122
1
1341
1
1591
242
1
1
826
1
1
1241
1
772
1
3
25
41
2
49
2
202
406
22
86
349
1
3
568
49
22
86
1603
11
487
1
947
1
302
1
1
1227
107
1
1
1
1
1
60
385
17
5
167
47
327
1438
1005
629
452
260
1739
1
326
1
30
5
107
1
890
1
30
1
5
1
107
1
326
891
1
1748
1
426
1
291
1
1729
1
1
22
1
209
1
1
3
41
2
55
13
776
9
158
126
15
327
4
3
147
95
3
109
7
1306
330
1
1615
1
1
1
1
1
312
312
4
87
473
5
335
1
6
157
218
73
8
99
2
542
1375
10
1454
13
5
390
61
5
257
1268
1
30
5
1196
25
445
1574
976
1
730
3
32
936
1
364
1
364
1
547
38
670
126
502
1
51
16
200
902
17
7
215
1
1
1605
393
1
864
349
283
380
1
18
860
1
1
211
1
19
59
1600
36
416
17
10
805
262
1
1
14
1
423
1
14
8
33
113
4
30
78
29
103
12
198
157
1254
356
1
60
447
128
13
5
390
151
2
844
10
1459
63
7
1379
1776
1744
1
686
1
1313
1
232
1
483
1
6
42
585
11
1631
586
47
342
1773
1
2
11
1
125
10
1308
272
245
1175
1
221
29
10
756
664
14
37
3
763
49
2
21
1630
1
170
1271
1368
413
176
188
487
494
1
32
87
15
5
123
197
430
13
876
15
21
17
984
1
36
16
5
1239
905
67
243
672
12
70
1
33
6
25
23
459
127
1
24
5
342
673
15
239
934
493
1671
494
1743
1
27
1
1780
1
207
1
1148
694
1469
1604
2
835
36
303
4
650
163
1458
833
77
12
675
1284
22
887
1586
1
5
1712
634
665
722
46
10
1181
768
57
1332
1249
12
549
1065
1436
13
640
421
1
1218
486
1
1525
1
521
44
4
6
191
1517
2
240
5
678
1625
4
28
738
1
35
1
15
810
70
845
751
72
1046
140
72
942
176
5
122
4
1491
100
4
16
127
4
72
130
4
216
4
1343
1
1
1
540
1
1774
1
1340
1
30
5
107
1
343
1
1
1074
1
86
1286
201
556
24
21
1752
1754
1
127
1028
1487
1
142
1
505
1
121
6
539
1
1
1
3
636
6
2
1562
162
1647
286
26
189
50
99
2
5
1230
924
967
14
15
1191
14
798
5
384
76
7
450
189
1756
1728
504
1
50
771
1
1596
1372
709
1
593
3
1282
70
259
197
1164
473
4
34
16
126
1
1
99
2
5
314
64
119
3
1054
130
13
8
7
598
1719
1
1
99
2
5
435
64
284
2
403
14
105
1
58
33
1480
59
129
1
1682
832
37
1385
375
6
935
76
5
379
1001
311
146
128
33
6
158
46
10
380
11
1762
1
73
15
10
321
1489
1
3
53
7
1573
11
117
6
18
66
11
117
6
853
11
29
111
170
18
411
35
1
516
1
144
18
66
382
11
497
1
117
6
18
66
4
806
3
53
6
18
66
633
514
1
1
196
405
12
178
8
266
10
405
12
178
1188
12
178
8
12
249
67
388
12
178
4
3
804
10
1
3
81
113
15
188
1
1
72
1
394
1
155
1
15
5
842
4
3
25
46
446
1519
1
1651
1
69
8
1007
435
4
1391
1
6
124
26
88
16
24
10
154
4
922
225
43
6
55
385
17
24
10
365
1008
1
554
1
1
652
50
3
55
77
661
47
975
1
396
84
3
20
47
355
101
504
1
761
1
1432
1
1
1
1
1546
1
127
8
399
1
409
5
216
1
358
1077
1304
26
91
571
1
7
91
1
58
951
601
4
27
80
28
32
454
14
10
1069
137
1
268
4
1078
49
393
1
120
27
194
185
907
10
1305
278
14
8
255
38
17
1
185
1
39
1499
11
356
1
880
1
42
112
1248
23
10
872
8
5
859
387
1
3
1253
10
565
1552
445
1
1303
1
888
1
1
118
231
14
2
301
434
65
21
1
1444
729
82
13
166
1503
57
1092
82
13
165
743
57
746
82
13
1
920
1
32
146
5
107
56
1641
1
1430
1
843
332
1075
152
260
1
152
174
3
125
10
692
24
21
11
346
4
28
369
400
2
36
21
267
1
36
16
51
19
1335
15
21
1
1064
8
166
4
1561
8
56
1
58
1178
4
43
80
1665
1584
792
2
1606
8
1751
1
1541
65
1538
1
282
1648
1079
1267
1
573
1089
1278
11
434
256
354
1
437
227
114
1
1392
18
42
6
780
1659
8
44
258
1374
102
1643
8
346
3
317
1
97
7
867
16
6
1
1405
1
1182
1709
3
168
1358
1708
3
168
1179
1706
1645
1026
269
1393
882
1316
1
91
1
1172
1
247
1083
4
560
874
72
1
753
4
14
9
138
1
1
44
4
6
273
32
10
963
1265
1
153
720
1
1777
1
1442
11
497
1
1441
1
35
1
42
6
10
1189
8
491
1
27
1
899
1
1533
8
19
1081
286
1614
1
638
1564
850
544
436
1613
901
969
1639
893
721
1346
1
1738
1
268
11
778
1136
1460
9
1397
459
1144
1
229
1
1091
2
14
15
60
226
24
1726
256
711
169
62
599
767
962
84
1183
14
47
1514
1
79
319
339
1244
323
11
370
372
339
217
323
11
471
1071
76
1155
12
1296
140
765
10
1581
1
1580
1
1495
1
58
348
4
71
5
1264
1
49
2
87
1
122
8
23
6
243
392
1342
173
8
965
23
74
1691
1
1576
12
5
465
238
464
401
138
1755
1
6
373
172
625
1482
12
1387
90
626
50
7
232
541
1437
1
344
1
1134
455
17
1266
33
3
325
164
2
5
757
68
82
2
834
164
1693
1
728
50
174
423
22
1484
401
1
1
1143
1
1082
1
97
4
1334
14
15
28
136
980
345
108
1
1030
1168
13
910
15
10
1472
1411
502
1732
1
39
977
40
4
357
4
19
399
491
1
29
121
4
348
1
161
71
403
6
17
193
1
1424
1
582
1116
609
282
281
1146
281
953
610
572
611
1145
612
1
3
41
2
49
1558
1
1408
1
100
4
93
6
28
214
22
958
285
43
19
194
2
87
8
1733
1
989
1
10
1
1180
1
508
1
3
59
125
10
735
176
202
406
1736
1
1730
1
44
279
785
383
1169
481
1769
1
101
1
19
1658
2
6
4
20
6
124
37
141
1724
1688
29
111
688
13
7
167
34
40
11
1
161
1443
807
2
20
38
1
24
8
266
4
19
37
172
543
815
1661
106
517
22
62
412
280
2
1492
96
106
216
92
1
116
130
35
1
779
1
1
1
458
1173
4
44
734
15
6
1
120
27
68
8
3
115
6
1209
26
280
1
118
1208
134
1159
1
1598
166
490
1
130
139
1
50
186
1585
1545
1692
1
32
766
1220
22
740
4
350
503
1
371
198
733
503
1
1720
1
35
1
548
26
1315
441
8
333
1539
8
206
68
2
1000
56
7
1456
1
550
1
3
395
3
81
20
7
1153
1
48
812
35
1
116
466
141
1127
8
1110
1
827
997
35
112
220
6
1
515
1018
452
1207
1
39
831
40
11
262
1
118
52
254
14
10
446
455
1764
1
264
525
375
14
85
993
105
371
1
148
960
231
1
33
742
1390
23
5
1509
2
315
1380
95
1140
102
1433
1357
1690
1
113
43
80
189
372
999
443
128
1
1125
1
35
1
60
10
956
47
70
496
1
959
496
1
1731
1
465
305
577
488
1
382
11
7
410
228
12
10
1017
0
6
786
1
938
4
6
41
2
49
2
1211
8
813
562
70
1569
17
274
438
92
173
1
81
240
7
913
9
235
261
1
50
44
301
152
1650
1
1052
1
537
1090
27
1673
1
788
11
0
41
2
109
242
1
343
1228
129
389
1
126
1544
1
1746
1
310
1365
21
4
67
71
111
224
237
12
136
10
92
1088
9
104
198
1526
1470
2
48
945
22
91
8
1741
1
551
2
88
1
313
1263
374
6
9
265
6
440
37
141
1399
8
937
26
1328
1
3
81
1457
163
1330
1
1
71
1050
7
235
1
19
304
15
307
18
66
1
38
790
3
93
59
55
108
87
1
1689
1745
381
183
381
26
183
1
135
1
44
4
524
38
46
1669
1
6
523
38
11
1085
1
1
591
1261
1
29
77
332
1
631
38
138
1766
1771
1
3
427
1477
5
215
88
4
5
215
88
1476
14
1
54
2
21
1447
131
1280
699
460
140
55
2
110
131
1294
36
16
986
1129
33
19
1320
474
304
1
54
2
21
8
35
10
952
131
939
3
25
41
21
131
606
51
16
6
418
8
11
8
131
649
1511
3
783
155
17
408
265
8
1298
1
6
299
24
142
1
1177
1
51
20
101
13
723
1351
444
299
24
142
1
3
20
30
3
41
1
51
20
3
244
1549
402
101
47
21
64
25
244
294
2
14
8
1775
1
97
4
104
67
125
153
2
147
488
1
358
1
