78
4
31
30
1038
0
0
11
0
69
115
0
1
806
1
396
0
591
9
0
0
5
646
1008
142
70
20
0
15
3
27
30
197
307
14
0
10
2
0
1
145
747
0
1
286
107
4
39
126
0
54
229
480
37
3
18
430
7
171
0
17
0
1
207
44
29
3
95
5
0
1
298
0
9
0
1
356
40
12
0
6
81
2
0
39
0
0
13
0
9
124
77
919
30
98
144
968
50
26
17
77
15
0
156
0
797
8
17
300
743
30
126
283
147
81
14
19
76
15
8
31
137
0
0
0
1
299
174
22
1020
0
1
150
301
0
4
28
0
0
12
2
945
1
89
0
0
1
131
789
96
0
125
0
0
97
175
341
54
0
20
8
785
386
5
0
125
0
1
0
0
59
7
91
24
0
10
21
138
3
105
77
67
456
30
231
12
172
1
0
3
155
74
45
14
0
10
0
1
0
7
19
0
6
15
3
23
92
549
317
1
128
887
304
99
0
0
1
33
79
14
18
5
781
9
0
1021
571
1
59
81
54
0
0
0
72
123
5
0
9
273
71
0
2
607
9
1044
1
132
43
80
782
1
59
7
14
0
1
127
1028
49
234
12
5
256
0
25
63
423
19
10
579
9
58
3
18
111
0
20
110
0
0
196
462
26
3
119
54
0
0
6
75
78
19
344
5
0
0
1
668
60
653
271
4
0
1
48
664
0
8
18
52
425
44
3
68
199
4
31
0
40
10
290
1
5
646
1008
29
0
15
3
156
0
1
0
59
47
3
32
0
36
16
985
0
1
0
0
0
0
1
233
0
0
12
0
0
22
0
0
0
184
336
62
141
1
0
337
30
118
70
4
0
1
298
0
0
1
0
802
103
8
551
49
4
0
1017
0
9
221
349
148
1
135
43
105
2
526
258
144
4
16
228
7
2
0
864
4
418
15
339
421
19
0
1
0
13
245
747
21
245
27
2
146
57
3
18
755
319
10
473
17
33
35
79
173
0
26
9
0
2
248
0
0
13
16
899
468
599
1
16
0
50
519
547
7
80
74
1
1026
806
91
0
8
25
54
0
1
33
8
80
95
4
94
2
315
12
0
22
1037
196
22
3
105
2
204
0
10
0
281
780
50
2
438
0
61
487
4
375
8
0
34
731
0
1
207
0
0
1
3
139
0
43
61
386
474
0
0
13
701
0
17
8
87
8
53
294
14
11
218
98
9
3
241
3
51
139
31
5
0
12
16
731
132
69
160
3
221
644
36
151
0
0
1
263
1
37
2
0
19
16
323
490
78
5
0
0
15
38
25
37
305
151
40
98
62
3
158
21
1
58
0
55
6
3
78
137
218
0
4
66
0
6
15
3
651
0
229
372
5
0
441
63
25
512
5
0
0
115
1
45
0
0
4
0
0
0
0
1
355
32
246
0
43
100
87
70
0
523
32
3
23
587
4
0
72
43
212
697
230
29
38
0
892
12
20
1
263
52
762
0
9
33
43
92
4
94
8
39
234
366
22
93
58
197
301
1
5
0
883
24
4
980
34
0
179
38
0
1
83
959
11
2
84
0
0
8
135
95
11
261
412
1
41
2
106
129
4
859
0
1
127
148
0
0
107
793
0
0
9
3
105
167
0
0
2
126
275
188
36
2
126
0
0
15
0
0
12
0
754
188
0
1
296
0
1
48
3
78
2
231
0
10
616
82
164
15
14
27
301
360
2
0
0
595
0
101
54
229
749
1
149
60
8
556
31
0
0
1
0
630
2
204
0
10
2
200
1
32
60
117
23
0
10
2
0
15
3
105
88
65
4
0
319
180
42
1
3
241
16
270
372
66
31
0
0
0
116
230
0
1
16
64
0
267
3
18
2
204
0
173
67
153
410
0
1
0
0
244
0
1
891
3
47
443
10
175
11
2
102
104
62
32
522
0
40
36
26
1
398
117
26
1
0
15
3
226
4
2
0
15
63
18
487
20
14
7
768
30
586
0
6
114
1
299
0
0
0
22
135
787
818
0
381
8
5
868
140
50
2
986
19
0
0
1
48
578
0
24
3
529
78
5
382
0
29
0
13
5
0
292
160
3
926
2
0
1
3
158
14
45
3
47
305
4
0
193
16
214
6
15
2
867
0
374
5
0
0
17
0
1
0
0
0
7
389
0
107
160
2
0
0
10
314
14
0
0
0
0
6
797
0
0
1
33
20
0
551
59
8
376
34
869
144
4
2
0
1
582
196
176
2
537
0
0
402
194
73
0
0
1
154
3
31
116
155
19
0
32
86
242
8
859
19
2
472
247
350
11
26
4
19
344
133
320
22
0
0
0
112
41
791
0
1
705
40
4
147
19
16
243
295
311
11
716
262
2
202
228
10
0
706
0
1
93
419
0
134
9
136
0
1
0
277
174
411
8
22
0
822
19
596
22
0
3
18
72
123
8
904
1
0
303
0
0
761
209
0
1
32
74
7
5
837
0
20
0
5
0
561
12
0
3
313
75
0
24
18
604
2
202
0
610
17
0
7
0
16
766
0
44
47
3
0
4
39
62
0
0
0
1
813
0
54
0
22
354
0
1
223
23
260
11
2
748
548
113
596
1
8
87
44
0
26
40
9
43
61
18
1001
0
478
19
5
771
15
532
375
40
5
474
0
0
6
216
957
156
1001
22
579
0
24
0
19
0
0
0
0
17
58
3
187
30
2
146
0
50
74
68
86
5
232
0
1013
0
885
0
1
0
26
940
0
0
0
140
19
0
0
237
0
13
0
213
477
30
0
65
4
31
599
1
0
0
952
186
0
117
2
0
198
0
43
10
2
328
1
3
51
24
66
342
508
38
25
936
1
89
8
97
0
26
17
58
15
14
0
4
0
1
48
0
61
80
836
0
6
7
21
80
0
9
168
0
9
356
165
163
0
0
9
357
3
187
0
73
0
38
18
37
35
0
40
12
0
106
327
0
0
62
17
0
1
1
298
0
441
2
186
62
171
1
168
44
7
20
30
452
360
12
981
9
533
349
5
0
13
2
0
12
0
211
6
35
0
0
109
10
0
0
10
0
7
37
20
0
55
1
0
0
0
1
801
38
51
161
28
0
0
64
15
0
0
0
0
0
0
1
0
0
352
121
0
3
18
4
0
13
2
669
443
0
1
0
0
710
55
6
15
3
103
0
94
137
856
50
131
10
0
17
126
188
13
2
0
12
0
1047
1
29
3
27
10
347
102
6
3
68
339
725
37
69
85
0
0
4
5
0
1
1
225
21
608
0
5
0
49
246
12
151
226
4
0
1
45
0
0
8
10
2
718
200
6
583
216
155
0
1
0
52
0
6
0
39
24
590
520
13
0
225
221
1
61
39
8
92
4
440
2
385
9
0
2
143
179
275
6
15
37
239
2
840
6
24
5
597
27
0
11
954
12
2
188
0
1
787
64
170
431
113
0
0
310
810
1
461
217
41
0
1
225
0
3
266
2
436
27
488
9
398
49
1
169
195
8
641
0
8
25
76
12
2
0
1
224
137
104
312
0
1
32
42
16
432
0
26
63
493
0
4
519
547
179
3
27
0
59
79
20
24
483
1
659
736
0
9
224
38
0
4
28
2
198
0
0
17
0
25
853
5
0
10
2
0
4
0
6
35
25
32
360
14
1
0
819
1
83
499
244
190
1
2
0
12
421
141
130
13
0
7
162
71
120
1
3
71
100
92
4
932
8
339
0
19
0
21
7
16
0
57
12
69
1
128
89
181
1
0
1
0
1
0
1
0
63
31
14
1
3
92
5
0
0
62
1
42
7
2
677
188
69
153
17
500
0
0
1
446
925
0
1
124
8
106
95
5
0
11
5
108
6
35
20
283
27
0
1
0
524
26
22
318
3
145
136
32
134
1
93
0
9
2
0
12
26
177
5
377
21
252
25
0
0
1
0
0
530
5
263
0
1
844
0
0
0
108
924
12
0
0
1
808
378
152
6
294
40
0
0
22
112
0
1
2
0
25
0
0
453
21
1
3
187
30
510
0
193
0
367
0
4
0
8
125
5
893
70
37
96
510
0
6
24
5
0
5
0
19
2
842
12
2
597
0
131
189
55
260
288
1
0
0
0
0
154
224
0
20
51
483
1
64
899
0
0
165
1
0
8
0
219
141
10
150
122
1
149
365
782
36
2
0
540
1
154
35
118
161
459
0
1
0
174
1
210
892
12
20
0
1
0
342
73
5
763
36
0
23
0
620
4
0
0
5
775
10
5
0
0
1
0
200
1
680
3
31
167
739
50
0
6
37
3
53
105
70
7
0
0
50
2
472
1
0
6
0
0
0
19
0
280
297
11
214
1
101
7
32
0
45
3
92
101
6
15
14
0
45
3
31
0
17
318
21
544
0
531
35
687
0
35
226
4
0
0
9
966
16
214
107
2
0
21
245
6
35
24
99
5
0
0
1
0
17
2
796
481
353
97
341
98
567
1
38
97
23
385
563
0
4
0
0
0
1
139
826
36
21
424
179
35
135
630
71
958
4
155
36
26
194
22
3
105
21
7
0
1
218
981
5
0
12
271
617
0
0
1
3
47
240
11
147
10
16
166
6
0
2
0
0
1
0
662
449
187
218
1
224
8
140
232
13
141
510
1
0
369
22
58
128
147
97
31
5
0
1
115
7
2
82
57
3
153
66
4
54
0
293
1
3
53
608
0
0
716
262
98
70
62
0
61
2
379
487
4
0
0
5
875
178
648
9
0
1
56
0
0
1
48
20
0
222
28
0
75
552
41
0
1
318
49
246
597
0
193
714
2
0
46
5
0
4
31
43
4
409
55
11
463
13
315
0
1
60
91
234
343
149
7
787
22
33
168
3
158
21
60
1
0
10
494
42
1
56
5
920
180
2
428
6
35
3
18
484
16
0
0
1
35
63
18
4
86
14
55
846
1
0
809
395
66
37
10
11
2
310
0
1
0
0
0
0
7
37
5
635
0
15
429
7
0
10
2
0
17
0
274
13
0
280
297
11
214
1
207
235
0
27
5
232
425
98
9
0
0
3
241
4
217
29
3
0
260
11
84
215
74
51
28
0
1
0
39
8
697
2
261
412
0
353
9
0
1
64
170
0
1
136
331
13
0
1
72
0
123
2
0
42
27
2
0
3
0
73
1016
0
116
5
0
10
1012
1
495
0
0
71
174
3
18
230
11
126
220
0
1
325
498
1022
0
192
0
17
81
20
0
0
9
0
0
701
0
50
0
1
0
205
67
5
0
0
0
672
1
93
8
25
177
5
511
11
389
854
1
263
444
255
1
0
60
884
9
91
0
0
6
3
219
385
647
5
22
572
812
320
1
849
613
602
0
992
153
157
22
562
0
1
1031
3
87
8
92
4
31
4
155
13
57
1
0
3
279
11
0
4
402
14
37
22
61
39
8
524
9
0
1
0
4
66
125
261
412
0
965
963
12
0
103
31
55
4
815
0
10
858
23
160
38
155
74
62
1
56
0
1
352
368
16
0
0
0
8
97
479
150
46
368
46
8
31
2
561
1
0
15
0
6
118
0
118
66
57
1
814
86
242
8
406
73
15
133
320
4
0
0
17
197
1
71
120
0
342
0
0
61
477
401
747
53
8
66
121
10
15
31
16
0
22
2
0
12
0
2
635
1008
8
4
371
317
649
10
0
0
0
0
0
14
268
1038
1
14
7
129
85
855
11
14
4
28
252
1
0
78
2
0
453
0
22
0
0
1
95
4
487
29
3
92
4
189
121
553
0
0
45
25
8
352
121
4
175
9
277
468
48
578
1
657
33
184
0
16
0
1
56
23
192
1
325
498
1022
0
0
0
1
10
2
519
547
205
6
238
43
18
111
314
40
11
2
417
401
535
17
0
0
1
83
499
244
181
1
3
47
240
11
347
515
6
0
0
830
0
1
325
0
26
0
0
1
496
59
25
8
0
796
40
0
34
0
4
2
0
9
249
576
2
699
25
162
0
0
0
1006
671
6
35
183
5
0
0
351
901
57
113
0
1
20
0
52
0
52
0
52
0
52
0
191
1
60
33
259
1
88
639
0
0
1
3
47
240
11
0
0
0
1
0
0
36
0
1
1033
0
7
10
2
0
12
2
0
1
724
7
40
191
1
58
223
0
0
0
6
0
0
509
0
6
0
0
1
0
10
633
0
25
0
0
4
171
1
277
39
8
18
148
72
733
205
0
0
9
796
0
0
116
1
56
81
2
418
0
99
18
2
724
4
511
26
6
75
7
21
23
5
0
441
6
47
3
0
881
4
268
14
1
0
970
29
540
7
13
151
85
247
6
32
0
36
34
0
13
1
3
105
3
18
72
0
12
16
214
0
466
123
0
470
13
16
214
1
74
274
2
126
0
17
29
3
119
5
969
11
159
57
3
493
0
0
36
2
564
0
0
19
155
6
3
68
86
72
123
16
0
0
1
803
0
1
0
0
723
0
0
0
7
5
0
0
1
135
439
109
816
81
24
87
20
8
53
0
5
674
0
0
1
300
100
0
70
319
30
20
1
224
297
77
23
221
375
14
66
53
77
9
3
47
24
0
36
2
428
20
14
7
0
13
76
465
12
2
898
15
579
13
2
471
465
12
2
898
1
167
0
18
111
0
362
3
103
0
201
0
15
251
0
1
0
0
7
488
1
21
494
188
7
65
4
28
32
321
17
0
0
1
88
19
917
748
437
10
152
6
114
1
132
43
13
101
31
32
868
19
143
1047
0
1
0
37
12
8
61
267
82
143
20
38
236
786
42
5
0
1
0
13
0
181
0
1
809
395
3
105
41
162
222
123
2
0
153
27
1
0
0
35
38
183
30
231
16
0
10
0
6
49
103
38
469
28
0
9
3
47
0
380
98
62
0
500
0
1
326
768
44
3
27
696
70
1
0
0
594
226
55
1
937
0
0
22
285
5
0
613
602
13
0
22
8
139
94
151
10
114
6
32
3
78
210
958
0
0
1
16
0
0
381
4
914
0
0
17
0
1
249
929
52
0
528
11
0
434
12
152
0
0
6
35
0
0
18
151
236
1
285
2
0
36
264
17
32
20
0
1
0
0
984
7
369
6
35
80
24
532
46
369
46
0
0
984
0
1
149
824
14
7
1
404
0
4
0
54
202
0
12
0
7
2
198
0
130
1
630
5
0
0
117
0
55
88
54
0
1
1023
0
172
692
416
0
190
17
93
715
1
357
0
0
1
60
25
8
269
1
0
0
53
3
31
5
0
36
8
19
290
0
0
75
284
9
119
5
232
833
10
64
0
0
51
28
13
201
368
22
446
3
18
458
14
179
15
118
54
0
129
4
0
34
0
85
1
118
139
5
390
143
4
18
5
0
1
0
0
6
39
3
782
492
9
33
146
78
16
316
0
0
19
155
82
104
15
68
24
0
0
6
62
0
0
454
0
6
369
22
48
100
199
496
148
0
1
0
239
2
101
0
13
5
0
0
203
1
0
5
0
10
248
20
374
16
0
540
66
116
0
99
29
74
7
52
0
0
741
307
0
1
60
0
0
0
0
1
446
15
8
23
0
34
377
85
1
159
0
0
14
381
42
6
16
0
188
3
18
115
0
5
211
1
3
436
116
129
72
123
3
103
0
21
252
15
62
88
305
4
0
117
0
2
0
4
2
0
648
0
0
1
66
171
0
0
10
0
0
22
48
0
642
0
14
75
65
4
0
9
46
12
0
0
7
24
10
2
0
278
9
81
21
0
63
31
4
66
346
9
700
0
0
125
2
0
0
722
12
2
0
1
2
711
256
7
0
24
0
12
0
2
0
0
12
0
1
0
0
13
5
0
0
25
512
5
633
608
15
38
37
23
0
21
7
2
945
0
92
1
58
0
27
0
5
0
0
1
0
1
1025
127
1028
148
691
11
637
505
9
45
287
0
8
10
624
0
96
0
15
14
381
37
109
34
0
15
706
1
207
47
3
80
65
4
233
2
0
0
52
916
44
9
379
0
7
107
84
203
179
0
17
197
52
22
0
0
1
0
946
0
0
0
27
0
204
1
354
0
996
1
88
19
0
913
0
0
0
6
114
1
48
0
291
132
174
0
4
290
42
1
93
0
140
30
0
1
135
8
53
184
0
17
21
0
2
200
1
620
4
2
698
10
261
412
305
4
551
0
4
26
27
0
0
1032
2
0
0
347
0
22
0
24
721
6
35
20
0
0
7
0
324
4
2
382
466
0
1
3
18
111
727
327
566
725
11
2
82
84
215
17
21
103
28
5
606
17
974
43
2
0
0
81
24
406
0
6
14
0
729
121
44
63
236
0
0
1
33
59
68
8
39
20
1
2
0
0
25
161
210
623
1
3
47
240
11
0
0
0
1
48
246
43
7
150
68
469
0
4
31
0
40
260
588
0
1
3
97
71
464
0
11
2
286
237
353
0
1
640
11
429
42
601
14
6
41
16
295
1
33
8
236
39
36
37
172
181
13
0
0
1
333
112
1
83
35
332
23
26
1
112
408
45
81
0
0
0
9
158
4
94
37
282
43
0
4
31
252
0
11
514
0
461
217
3
0
0
4
308
1
296
676
1
60
0
159
69
7
289
0
976
69
271
1
29
8
226
4
5
0
19
596
15
2
0
7
5
0
875
184
336
6
34
383
14
358
1
397
801
0
35
51
14
0
9
805
378
496
6
0
0
0
0
13
0
0
14
1
0
944
110
323
216
0
0
692
0
1
5
164
442
42
3
0
19
5
0
11
24
177
40
12
2
129
12
54
0
15
3
18
410
20
0
52
622
123
670
281
408
1
805
0
0
1
849
678
19
0
0
1
48
0
20
212
551
2
0
0
0
1
48
0
0
0
0
9
449
662
44
79
77
322
31
5
165
9
58
1
801
32
0
90
223
9
149
60
1
518
78
852
19
475
3
18
111
0
1
146
57
10
0
113
0
360
541
205
776
10
776
205
6
0
403
0
527
1
0
2
43
61
25
559
350
4
105
38
53
384
2
328
6
25
2
0
61
0
0
481
1
264
0
0
0
1
112
32
8
18
5
0
0
9
719
11
2
286
13
0
399
17
0
1014
1
58
25
8
0
2
0
9
29
8
133
392
70
0
75
0
75
2
414
0
6
1029
51
138
8
17
49
0
20
231
2
323
0
55
98
179
431
7
0
0
0
1
135
132
43
25
426
5
745
652
69
311
19
0
17
59
24
3
757
1
296
158
1
16
432
789
346
0
50
2
120
340
10
175
3
47
32
380
1
0
2
0
12
0
0
17
62
20
490
7
109
6
429
7
23
0
40
0
508
0
0
8
51
139
31
14
1
58
0
9
91
16
706
25
0
23
24
260
278
269
9
168
269
272
71
0
44
8
371
34
90
13
4
183
21
525
17
2
564
0
9
2
968
0
9
21
7
0
1
48
0
0
0
115
245
10
2
0
0
1
0
0
0
0
1
656
30
5
258
12
0
0
118
5
0
1007
13
230
0
583
162
352
40
15
876
0
1
444
29
8
375
26
66
107
2
0
345
386
8
4
0
1
58
14
27
24
6
14
0
919
13
6
0
159
635
0
6
509
41
64
420
0
1
664
48
3
105
578
27
98
45
77
267
74
27
284
700
65
13
790
8
238
17
0
982
9
0
3
92
5
0
0
85
0
1
8
87
8
95
5
64
261
45
38
86
0
36
549
0
15
72
0
123
34
261
17
0
1
0
146
57
21
104
1
0
41
37
871
11
2
146
0
1
224
8
85
224
6
345
28
121
0
313
22
0
189
13
385
8
697
0
11
34
377
1
0
2
144
0
1
149
2
0
0
1
126
220
0
0
365
129
619
123
3
266
38
0
8
103
133
20
2
0
0
0
16
0
0
1
0
0
7
24
0
239
0
0
75
239
2
0
287
12
2
373
0
963
61
944
142
116
2
69
180
0
877
1
458
4
193
2
0
0
13
750
137
15
0
73
54
229
15
5
231
0
1
665
0
0
0
1
23
720
20
0
21
104
103
18
111
0
10
0
1
0
0
12
947
0
0
3
18
410
0
0
693
0
109
0
0
14
27
161
786
2
0
1
127
148
691
11
2
637
505
9
194
7
0
877
57
307
1
0
0
0
1
0
0
0
0
0
20
37
101
0
11
248
81
7
0
1
0
60
20
555
0
30
14
51
176
271
1
517
2
204
130
3
18
410
10
5
504
1
7
14
1005
4
766
5
138
12
131
61
7
0
400
0
12
8
9
495
29
8
100
39
14
6
712
51
23
183
0
15
0
8
50
626
291
1
0
285
131
716
107
418
0
0
553
47
36
5
0
0
409
30
182
39
8
99
371
20
1
0
3
105
41
0
19
2
485
12
69
4
31
0
1
3
285
16
736
0
0
42
13
2
669
15
267
320
35
77
0
26
1
124
23
703
13
2
0
8
51
0
280
0
1
2
677
244
12
26
24
177
46
234
12
5
594
0
46
3
119
266
7
20
3
236
865
2
257
3
266
3
27
65
4
31
1
299
255
1
89
332
44
2
0
455
8
4
39
1
74
7
80
5
561
1
18
111
411
0
12
0
798
0
61
39
8
105
51
402
2
114
887
0
0
9
0
250
405
217
1
667
0
26
12
126
220
1
56
21
7
654
1
89
79
8
359
21
902
9
416
24
6
35
3
80
78
0
41
208
47
15
5
90
7
0
10
2
2
503
0
284
7
0
10
2
0
61
39
8
92
4
440
2
385
9
0
1
91
269
10
16
0
14
27
2
255
1
0
0
0
0
0
17
0
0
17
0
8
303
262
36
34
649
13
6
2
235
0
920
0
0
125
34
328
6
122
8
66
0
0
1
89
80
941
108
0
1
16
0
7
13
2
0
91
1
0
1
0
0
0
0
6
2
0
12
0
6
0
0
15
0
564
6
7
65
40
12
0
1
0
16
82
208
591
156
10
0
4
5
0
0
8
0
4
16
184
84
330
180
3
872
14
6
3
51
18
52
0
20
8
25
696
0
1
0
0
1
3
18
111
19
2
205
11
108
215
62
15
3
187
30
16
166
7
23
5
0
4
94
49
134
767
548
3
53
0
1
48
0
161
741
208
1
48
0
1
497
0
1
0
84
1
48
0
86
2
0
50
0
4
0
122
0
190
0
0
57
1
74
274
2
126
0
17
112
611
783
797
0
13
54
0
0
895
233
0
1
0
365
16
90
1
33
210
358
1
0
786
0
0
85
0
74
156
43
0
10
152
23
535
0
24
109
0
70
238
215
442
8
0
0
4
913
0
32
259
1
251
0
0
12
2
0
7
993
22
0
1
0
0
0
0
0
0
1
89
161
18
5
0
0
250
6
272
76
12
172
43
1
445
0
1
812
572
49
25
304
1
48
467
5
347
0
0
0
1
660
59
24
23
66
36
0
841
0
504
96
19
14
1
446
3
18
5
167
315
0
11
16
0
293
15
74
27
5
763
0
21
245
15
3
27
958
1
124
666
0
0
31
9
60
370
9
13
2
0
9
48
0
0
31
76
12
172
0
830
0
0
0
0
1
0
4
0
1
169
0
1
418
258
7
5
0
0
25
0
369
0
0
692
4
0
20
164
25
638
960
1
136
60
94
138
11
0
522
1
118
5
454
0
24
5
0
21
7
59
8
268
40
12
253
0
1
0
242
2
202
0
12
0
0
7
19
0
98
62
1
243
67
111
117
0
0
4
2
0
421
13
2
0
0
11
2
417
401
536
17
0
0
13
16
0
19
344
137
281
0
4
0
16
0
0
1
32
16
0
50
0
7
10
64
0
6
35
0
28
0
265
0
9
627
23
524
2
0
130
55
22
29
8
25
426
5
0
514
387
1
3
53
62
0
0
239
2
0
205
116
16
997
538
0
1
573
95
176
10
2
315
115
245
9
264
3
39
651
21
7
162
26
1
225
49
79
14
187
4
553
279
9
3
18
24
0
16
214
10
84
170
17
502
23
0
276
1
0
8
65
40
42
9
666
115
19
108
47
304
53
0
10
1
2
434
12
175
0
19
0
15
3
158
14
1
0
11
825
4
0
113
759
733
541
205
290
277
1
0
12
426
16
0
569
50
0
2
0
334
43
0
26
159
546
196
479
26
0
17
3
47
240
11
0
1
207
8
18
2
0
12
0
6
150
67
57
683
193
34
0
1
0
35
35
35
35
0
1
0
263
1036
33
88
0
1
636
27
32
0
42
3
493
0
0
32
3
365
5
108
229
0
0
293
15
80
27
0
0
1
0
30
816
4
670
0
0
1
89
0
219
39
14
22
29
8
30
5
0
610
6
14
0
151
257
6
46
134
46
208
108
5
30
22
44
7
2
211
12
0
29
3
100
18
5
0
229
141
0
12
982
0
0
309
0
109
2
0
0
96
0
9
0
7
0
13
751
223
23
2
204
470
12
289
0
5
0
8
51
24
0
0
7
5
0
0
1
0
197
217
0
1
432
789
346
5
0
50
2
0
10
175
1
58
5
0
754
12
367
6
0
73
2
43
1
136
0
79
8
18
148
0
0
2
0
3
53
176
36
20
1
0
1027
2
0
1
967
0
228
0
957
0
6
0
280
297
11
214
1
398
3
53
0
34
329
1
3
119
4
0
30
231
16
0
4
0
750
399
0
0
1
29
3
31
0
50
770
21
0
0
6
8
103
133
20
3
0
0
0
143
11
0
1
33
269
1
0
89
3
266
77
614
2
0
0
9
91
3
456
4
66
4
0
15
0
0
159
104
7
20
222
75
2
255
1
0
3
31
0
10
2
0
475
229
1
161
43
61
133
88
758
3
51
139
94
151
443
6
345
0
52
76
95
4
0
1
56
585
1
56
23
0
1
0
42
3
27
0
0
13
101
0
1
0
3
0
2
0
6
38
156
0
1
136
33
149
8
156
74
1
663
0
678
73
550
769
36
2
64
0
850
0
1
29
8
283
5
0
13
41
0
4
0
5
0
14
51
0
41
202
166
848
41
854
0
1
0
0
16
184
35
556
0
581
1
807
8
97
189
0
4
16
0
635
293
22
228
972
385
11
279
13
0
0
644
0
536
0
1
3
219
30
411
32
246
43
32
369
1
60
197
251
1
667
0
7
16
0
1
757
44
69
14
0
0
64
170
1
263
291
23
0
4
132
0
1
396
3
458
404
248
268
19
0
15
14
0
2
0
17
0
1035
24
2
255
35
223
1
249
92
4
133
1
21
367
3
47
240
11
1
0
397
127
0
59
39
3
187
30
2
0
12
0
365
109
34
101
9
0
0
0
42
0
289
0
6
35
38
25
37
0
160
12
0
2
0
1
67
14
111
163
473
236
9
57
11
5
64
90
1
0
110
0
0
0
7
19
0
36
54
482
0
11
2
0
22
859
0
22
1031
866
0
24
194
1
0
0
569
2
648
539
98
10
948
12
26
13
0
0
0
0
0
7
5
606
6
172
25
895
329
0
1
554
262
36
5
329
0
235
1
2
140
12
0
0
0
941
4
43
61
189
742
4
563
7
0
0
17
0
491
1
2
64
184
457
68
28
433
29
14
0
0
0
1
0
107
2
335
231
0
4
86
2
0
1
127
3
92
5
869
0
1
0
4
0
33
13
177
0
46
2
0
0
0
0
11
0
0
0
1
58
0
12
0
0
1
207
0
1
91
25
8
0
1
0
2
106
415
49
0
51
2
0
13
248
28
6
9
398
461
2
0
0
0
1
0
0
0
273
997
0
21
7
559
1
0
681
2
0
845
9
29
41
0
0
6
34
710
17
58
0
0
0
23
30
2
0
0
0
0
0
0
1
0
0
10
2
254
1
76
12
282
203
6
0
7
65
4
387
2
317
17
323
274
4
0
15
16
243
0
0
15
987
1048
1
0
253
710
16
0
581
1
0
150
0
0
0
413
150
67
0
493
0
481
408
77
365
472
1
58
14
0
265
0
122
0
1
300
955
1
0
107
2
203
1
668
53
0
60
9
49
246
0
39
3
18
4
268
11
37
16
0
4
18
0
9
30
24
0
902
9
0
70
57
4
0
2
276
15
284
552
1
0
95
4
375
2
0
0
87
70
0
1
0
742
143
0
0
6
0
6
0
61
39
3
99
524
9
135
2
0
20
7
411
110
991
7
71
0
4
0
9
30
59
79
8
0
21
0
0
9
0
4
141
1
128
56
585
1
2
415
7
6
679
76
97
16
144
0
525
28
9
3
18
0
835
10
16
674
0
0
44
67
16
166
189
4
9
110
0
0
7
469
393
1
263
1
73
132
0
12
618
6
3
157
14
4
616
0
1
444
8
80
18
57
4
31
772
19
2
205
22
59
24
999
9
582
106
0
72
102
203
265
490
387
1
300
0
0
0
1
298
801
233
982
1
0
484
34
0
679
0
81
2
167
0
0
20
8
0
5
0
0
5
539
1
499
52
72
265
144
104
3
241
1
132
69
3
85
362
4
18
2
707
0
12
282
43
0
13
5
516
19
2
0
0
1
0
0
59
99
193
5
0
45
41
753
15
0
0
9
974
625
774
137
0
107
0
0
879
3
100
590
8
17
667
0
11
242
1
0
0
311
0
1
0
48
688
178
1
48
3
187
30
38
25
177
2
0
0
1
356
0
8
78
5
0
50
0
9
0
0
5
286
13
0
17
0
1
0
32
3
18
755
1
307
3
614
16
0
138
13
0
191
1
0
2
0
235
0
184
0
32
0
20
3
78
469
2
204
0
153
0
1
0
0
1
145
685
50
2
0
0
1
775
177
371
107
690
0
947
0
0
6
0
0
19
2
0
12
16
178
0
27
5
931
425
0
1
3
18
852
16
126
220
0
650
346
159
143
11
2
417
208
330
6
35
18
24
119
2
0
4
162
359
55
148
0
1
240
2
248
101
235
7
361
443
1
64
0
861
42
0
51
28
2
64
7
0
50
150
1
83
23
305
4
86
14
4
293
583
0
62
306
1
5
0
0
898
7
135
0
0
4
86
5
0
898
7
62
0
1
93
45
8
25
774
19
400
0
1
0
113
0
0
1
811
0
0
228
0
4
189
4
0
23
0
1
864
2
0
73
411
61
7
236
832
5
0
6
0
6
15
0
10
0
0
9
91
0
25
38
10
11
5
0
22
209
7
721
2
0
840
22
21
7
938
1
60
8
117
0
26
0
12
8
288
2
435
4
2
315
32
259
1
33
182
182
182
1
60
1030
627
94
8
10
209
6
150
1
3
362
3
27
10
5
293
182
3
103
359
955
463
37
109
2
0
19
2
315
32
3
478
513
867
1
149
25
0
0
4
0
36
17
91
5
0
0
0
45
8
100
183
454
11
0
492
1
1026
0
1
58
2
833
0
790
1000
0
15
1000
0
539
7
2
0
1
577
337
120
1
573
39
8
92
4
233
132
636
0
9
0
148
691
11
0
11
2
760
165
9
71
120
464
19
2
0
200
1
48
1025
181
69
1041
735
137
6
0
0
735
451
6
580
69
1038
735
400
1
1
0
16
0
709
0
0
122
3
53
66
0
0
973
288
0
1
91
0
59
1
64
0
0
383
2
0
0
407
1
0
800
542
0
589
0
17
251
17
1049
1
320
49
25
8
383
0
0
1
1
0
681
0
2
543
9
83
499
244
84
1
112
320
1
93
197
16
217
139
0
1
56
110
102
97
459
233
5
427
0
12
165
0
15
0
0
11
186
0
1
326
0
0
181
0
749
1
56
3
27
389
0
22
0
0
0
1
351
2
391
188
6
0
15
264
119
5
121
0
0
6
15
23
0
151
999
36
54
0
121
0
0
1
13
844
962
12
0
0
3
31
4
16
0
1
0
8
25
787
0
0
0
6
0
0
25
162
24
390
17
32
134
11
0
0
1048
0
1
802
0
333
0
1
0
1
3
99
0
16
420
40
11
2
343
902
0
0
17
61
13
486
7
213
0
9
2
328
7
5
222
340
160
12
0
0
1
384
10
0
0
0
0
0
1
0
0
0
0
0
1
23
0
0
13
2
0
4
644
0
0
5
0
927
26
237
0
1
16
243
313
28
818
6
35
173
53
80
693
5
210
0
0
0
133
167
7
70
0
822
6
15
3
105
2
198
0
130
3
484
21
104
7
20
3
47
10
145
36
0
1
318
3
27
0
14
27
0
164
10
175
1
1031
33
52
35
189
4
0
0
15
31
719
22
64
0
322
1
243
0
230
84
69
312
0
466
1
63
18
0
22
207
441
5
0
0
1
0
33
29
3
100
0
55
115
197
301
554
822
4
0
0
1
234
343
147
22
131
10
778
624
23
78
5
0
0
22
382
90
0
0
22
0
0
109
22
0
402
22
69
27
157
45
3
484
40
16
580
104
312
243
0
46
54
0
0
27
0
125
205
0
10
0
1
16
0
13
2
0
0
7
0
0
1
48
329
0
0
172
0
1
56
41
23
0
4
171
21
0
1
89
450
25
8
242
9
128
0
58
2
309
415
7
59
156
8
55
19
84
47
9
0
546
1
447
7
21
903
71
0
9
0
1
0
0
1
0
0
7
506
24
361
11
8
935
85
9
59
7
2
544
13
37
12
2
0
1027
856
32
868
17
574
355
118
23
482
4
94
20
34
0
928
132
762
0
218
0
77
85
7
244
12
2
0
1
0
66
4
293
0
0
1
3
47
0
327
248
0
4
167
36
26
0
1
296
147
7
5
0
306
1
207
46
247
46
8
521
70
14
13
0
146
1
0
397
0
59
0
0
158
0
1
665
113
0
1
609
36
16
90
19
0
0
0
1
58
0
334
0
0
6
334
50
6
1015
4
1
74
7
700
340
10
379
11
600
0
84
0
0
137
0
817
0
0
670
6
0
0
6
0
0
0
0
815
6
0
0
6
0
0
6
0
0
0
1
21
7
49
3
440
37
12
0
0
521
0
0
1
0
195
0
0
602
0
1
445
227
67
791
177
0
0
109
2
417
427
473
17
60
668
0
0
9
135
0
7
0
17
21
372
4
483
72
0
1
58
0
0
1
174
143
4
0
11
450
15
571
0
0
1
128
959
11
2
190
930
0
799
1
135
3
18
5
834
276
0
2
0
9
0
0
0
834
276
11
163
0
5
0
1
0
15
934
638
42
0
0
1
299
0
73
0
0
1
83
562
89
1
0
0
70
4
464
1
3
145
14
45
43
31
10
0
0
13
633
0
88
10
1
3
105
88
65
4
0
1
48
88
50
152
22
794
26
29
8
684
87
2
120
0
22
300
3
23
743
0
70
14
291
21
104
3
51
443
1
0
0
7
623
352
40
115
0
1
74
7
5
258
12
43
10
494
42
17
0
0
0
1
0
67
498
34
910
570
1
378
0
6
196
86
152
34
144
0
0
1
0
445
3
100
87
29
8
31
2
211
12
0
6
35
14
7
5
0
0
14
0
0
89
222
859
55
37
143
6
23
10
781
1
2
102
372
4
0
2
0
341
0
0
32
3
53
464
177
40
553
1
119
5
0
0
15
0
0
19
0
42
721
469
2
204
475
153
17
577
21
7
34
883
138
288
1
448
0
1
228
569
2
925
7
13
763
22
807
406
2
0
12
902
389
0
73
711
6
15
86
2
0
5
0
0
573
627
28
10
2
315
19
0
1
138
26
29
8
92
176
0
21
245
1
0
0
13
701
1
91
60
252
0
1
0
515
283
9
136
33
640
26
79
8
189
40
12
2
0
36
0
12
2
257
8
491
10
36
9
192
9
0
503
81
24
99
0
9
22
9
22
9
22
9
49
9
326
3
212
23
199
55
1
58
49
53
2
702
80
0
0
0
9
51
0
0
125
2
0
9
0
127
570
206
227
223
0
165
0
62
6
32
0
7
5
0
1
355
173
67
2
523
11
0
218
0
24
218
1
205
115
19
190
47
331
107
11
44
1
16
204
0
0
1
444
0
1
93
3
51
141
6
35
533
0
5
0
480
19
143
288
1
41
70
645
57
150
1
448
3
0
85
1005
4
133
320
1
144
57
3
66
709
0
3
162
18
4
364
0
5
0
509
454
0
1
326
449
128
112
0
16
166
1
0
0
15
388
5
0
0
1
60
668
73
21
255
0
6
14
7
72
0
54
0
12
335
6
694
29
392
1
33
144
373
51
28
234
373
11
8
1
325
210
0
0
1
16
270
7
76
12
172
43
61
171
835
13
382
0
10
0
0
84
7
2
945
1
298
952
70
14
0
43
1
299
60
44
29
3
889
30
125
2
702
0
1
197
16
217
3
331
817
21
104
0
0
1
60
271
887
304
1
355
574
394
1
0
0
0
0
878
0
5
0
10
347
102
11
389
943
1
124
66
4
1
23
11
2
185
6
110
348
7
13
2
185
876
77
0
77
103
0
0
10
0
797
0
11
2
185
17
302
16
270
0
452
828
0
734
13
230
90
7
32
855
1
24
71
5
0
6
35
8
31
2
211
17
21
7
973
288
1
0
542
14
488
13
36
21
76
0
0
0
1
447
384
0
1
29
629
0
6
118
0
0
173
0
0
6
0
413
280
297
11
214
1
3
241
20
0
7
30
0
654
1
0
0
0
25
16
0
10
166
1
0
0
1
128
58
3
87
276
1
0
0
43
81
0
0
2
903
9
224
0
4
379
1
162
20
372
4
406
1
173
555
99
66
260
22
0
0
0
1
318
29
3
27
5
0
15
3
27
65
4
331
5
424
567
1009
3
68
0
151
15
28
30
61
7
34
253
0
9
577
0
749
1
23
0
0
0
237
1013
12
0
11
500
283
17
0
4
0
3
18
0
0
0
0
1
149
259
59
39
3
187
30
21
7
5
0
605
1
169
272
0
177
121
125
14
21
0
3
221
192
6
118
111
393
10
2
417
15
21
104
51
28
5
0
1
128
56
8
779
614
26
0
213
0
0
1
3
0
70
49
2
0
0
481
11
16
0
0
0
3
628
2
0
555
183
14
517
17
168
251
7
20
44
0
696
70
370
1
813
0
0
411
0
138
50
0
1
0
54
0
0
70
61
7
162
453
36
0
50
172
43
9
337
0
1
127
0
74
4
0
10
2
146
0
0
19
2
0
1
36
213
113
0
913
0
1
56
627
23
183
5
0
211
260
15
0
16
0
0
0
8
0
637
1
0
73
136
682
64
847
1
224
3
100
87
6
41
71
1011
38
97
0
0
75
14
103
28
227
389
37
0
36
2
434
1
0
0
604
2
202
951
415
1
60
158
4
94
271
617
121
0
1
124
2
0
25
24
101
0
17
0
80
84
1
0
0
2
64
472
9
62
7
20
238
164
900
45
150
0
50
0
0
4
0
753
1
124
0
21
831
9
719
4
279
42
1
206
682
2
0
178
515
11
0
560
1
127
1025
148
860
0
13
2
0
191
1039
0
9
29
8
0
5
539
19
2
205
6
3
158
8
113
759
733
541
205
290
277
1
0
0
35
496
7
24
0
350
4
0
0
1
357
29
34
292
381
993
6
219
183
34
0
40
13
2
0
0
38
219
0
2
363
22
58
161
28
0
11
5
0
0
10
16
722
1
49
3
187
45
16
310
0
0
1
810
45
9
3
241
20
37
2
0
78
843
15
267
621
86
151
0
429
38
604
1
53
63
196
86
0
5
0
0
9
0
208
47
90
385
746
260
17
0
977
2
82
962
0
1
572
522
0
44
7
2
0
0
1
0
0
3
47
0
1
83
562
154
1
13
5
709
0
10
0
0
17
210
324
4
0
15
0
0
0
1
2
798
13
351
2
906
25
129
72
0
123
2
0
798
1
91
7
14
33
1
124
79
304
294
278
9
56
41
5
916
12
0
6
24
76
12
257
1
48
394
0
2
0
1
0
546
2
0
115
1
572
2
0
1
83
562
112
1
656
196
551
1
273
429
7
273
1
48
0
0
0
20
0
0
43
1
37
200
6
52
0
64
0
98
74
1
56
0
6
14
595
5
258
11
26
4
0
76
5
0
0
1
380
64
104
147
1
136
174
176
0
181
828
50
21
138
119
1
23
160
2
0
7
321
4
0
6
81
24
0
8
97
0
2
0
0
1
571
328
8
0
745
4
0
10
2
610
893
9
0
1
449
298
0
112
15
0
22
0
11
0
1
666
174
377
22
320
0
53
304
0
2
0
0
11
42
0
1
127
148
64
0
13
165
163
528
858
9
0
30
5
178
648
10
2
983
1
0
980
85
347
4
0
0
1
326
0
0
1
89
332
44
0
455
8
4
105
0
1
743
362
3
119
852
0
11
0
40
2
0
0
113
0
0
975
0
0
1
803
0
0
1
0
8
18
531
4
954
6
35
954
0
1
117
2
146
69
3
153
952
4
268
11
526
15
3
31
5
511
1
91
81
14
375
8
0
2
0
0
0
11
218
1
93
24
11
85
134
619
1
378
0
187
218
4
773
0
38
0
52
0
11
96
0
38
18
30
108
0
22
625
0
0
0
0
1
299
0
413
3
47
394
98
1
48
206
338
121
10
0
45
8
156
197
32
0
1
136
3
85
529
977
13
0
70
0
1
60
404
2
669
504
14
0
179
5
584
0
12
0
0
40
12
669
10
0
0
15
62
96
0
1
3
47
240
11
0
1
263
33
880
1
224
117
173
236
829
59
7
77
0
257
19
21
211
1
59
39
52
0
18
2
700
248
0
0
9
3
95
5
165
399
1
0
0
416
0
0
0
306
1
684
171
5
0
273
997
0
9
448
0
186
765
0
1
19
277
4
171
2
82
0
292
40
12
152
479
1
0
5
0
12
0
0
107
16
0
19
155
67
4
28
76
12
2
198
0
0
12
16
166
1
0
40
1
16
243
7
0
465
0
351
2
0
799
3
100
92
4
0
0
17
0
1
296
236
25
113
34
0
138
1
53
467
402
21
200
80
0
0
1
0
0
1
3
141
11
0
0
1
3
241
14
7
752
11
5
0
12
43
4
31
1018
816
13
2
0
13
0
1048
1
0
0
1
814
192
7
20
20
76
0
50
143
19
2
0
9
447
0
1
338
29
8
25
817
13
75
179
115
6
8
53
279
22
0
19
2
726
6
23
386
0
12
0
5
0
0
502
1
48
0
0
0
368
504
41
141
1
605
12
2
69
780
50
1012
624
568
71
0
425
7
284
210
321
1
0
1
299
0
8
222
73
0
0
1
621
788
0
6
20
68
28
5
232
956
0
16
270
1
63
95
5
254
69
115
1
272
0
199
26
257
0
1
82
153
102
0
1
774
417
0
36
0
0
0
0
321
1
299
0
0
0
512
0
908
0
0
0
0
1
23
11
2
185
6
110
348
0
0
177
609
622
122
0
11
2
185
17
659
232
981
0
1
0
511
11
0
0
0
1
0
0
0
0
2
286
162
941
8
57
4
0
1
0
449
0
7
32
600
1
33
3
105
63
97
0
10
168
19
21
211
85
1
429
24
713
51
28
422
0
0
466
1
8
219
87
49
246
0
3
18
12
16
0
466
13
16
214
6
160
3
458
4
542
999
0
85
0
0
1
423
468
0
0
0
1
48
3
18
5
639
38
0
96
1012
11
194
4
0
390
896
1
0
0
0
38
25
0
2
286
99
72
4
2
0
0
10
5
104
75
0
1011
11
142
0
1
23
119
5
0
70
0
0
500
0
1
0
4
0
160
0
7
129
0
1
0
0
1
680
3
94
131
521
5
525
404
990
178
10
5
0
647
6
3
0
848
70
2
474
990
90
0
38
51
31
1
0
0
65
121
13
16
1003
194
672
0
1
124
122
14
51
28
109
17
0
61
99
0
4
0
0
492
9
41
37
70
172
0
1
112
124
21
7
779
839
0
1
3
241
29
21
0
72
123
5
427
215
17
3
0
28
0
29
14
0
0
1
0
1
0
75
31
222
560
11
0
36
5
0
227
0
0
1
56
3
0
8
4
5
0
0
0
0
113
0
310
0
0
1
497
0
1
2
0
67
23
792
5
0
0
12
0
1
180
5
373
15
5
231
12
321
155
6
3
18
322
0
2
202
0
12
2
472
1
0
8
87
61
455
304
4
0
9
1030
81
1
56
3
266
63
236
0
20
3
47
223
0
0
9
249
661
576
227
0
15
0
990
0
10
382
0
10
152
737
1
158
2
0
34
851
374
45
2
0
0
151
1
91
33
3
158
2
316
530
3
3
3
3
1
806
91
1026
0
182
25
16
0
1
56
195
0
1
198
888
407
336
10
0
1
448
0
409
55
11
2
0
13
248
1
48
206
8
31
5
64
90
223
680
15
8
103
31
688
178
1
258
12
848
0
1
579
27
37
0
0
7
37
200
1
299
60
1
91
0
0
1
29
8
25
153
639
0
338
20
2
0
0
906
0
365
238
170
15
0
0
4
0
568
104
3
18
0
946
567
50
2
778
0
22
3
145
0
22
1033
0
1
0
0
0
0
11
2
0
11
2
82
452
330
6
196
100
479
142
10
2
0
22
0
0
1
93
43
696
0
49
537
23
941
43
54
640
4
187
120
70
0
1
203
12
102
0
0
0
0
190
1
56
0
12
0
10
391
1
810
0
1
705
40
4
37
2
43
61
18
54
0
605
13
96
101
0
20
38
18
139
6
15
51
139
141
73
0
1
0
52
1
3
51
199
0
4
2
146
287
4
86
0
218
564
20
7
162
120
1
1023
8
935
18
5
0
19
596
9
582
0
32
0
173
103
28
5
0
0
17
0
1
345
139
952
21
0
0
0
0
4
0
1
1034
355
122
406
0
0
230
523
1
0
0
13
0
1
3
68
0
20
516
4
0
171
2
584
130
0
8
103
0
2
0
17
578
0
3
27
0
20
10
776
82
0
0
0
0
1
0
0
0
55
1
43
61
385
976
273
0
533
28
0
1
285
5
544
520
5
414
540
17
135
716
5
414
0
7
269
29
43
53
0
0
9
1042
1
3
158
45
3
221
339
327
566
725
489
3
18
52
0
1046
1
23
0
16
0
0
419
95
0
390
4
2
0
1
118
232
3
53
462
680
131
201
0
26
489
2
238
0
3
0
70
462
26
0
1
0
2
106
130
501
20
103
86
21
292
501
7
5
615
518
1
0
0
40
12
64
0
194
9
0
0
0
0
0
10
0
726
0
1
255
424
7
161
0
0
0
13
110
0
191
1
147
0
0
88
65
4
0
1
300
0
1
33
135
392
67
5
0
607
12
400
22
29
8
631
862
4
334
11
275
313
217
18
0
13
34
0
0
17
16
0
25
32
0
20
16
0
477
30
2
0
0
36
234
0
13
2
0
8
87
20
140
17
0
15
219
0
172
645
0
1
93
426
0
531
4
39
2
82
190
203
12
102
7
174
1
1037
26
196
22
658
219
386
34
90
6
160
24
99
2
0
0
523
67
0
560
74
1
354
96
256
7
24
0
12
2
505
191
0
0
32
96
416
23
0
13
0
75
13
2
616
476
0
40
1
0
0
1
0
46
5
150
0
6
3
0
21
0
1
447
0
17
52
0
692
1
0
0
19
0
403
84
527
1
21
27
0
1
0
227
11
206
42
0
1
254
10
0
0
1
0
353
1
14
7
0
690
0
314
42
0
46
76
12
34
0
6
88
653
8
4
176
0
481
73
0
2
0
0
594
0
385
14
44
8
92
6
35
14
53
24
28
0
1
102
7
993
911
1
0
12
0
1
169
0
1
0
22
1042
1
32
4
570
11
0
0
2
165
399
50
96
476
1048
0
0
1
723
0
29
8
25
10
152
42
6
0
54
273
0
0
13
2
1023
235
459
360
14
1
658
793
0
0
0
9
0
0
476
0
0
9
0
0
27
2
198
623
597
0
153
1
56
0
675
232
19
689
0
1
89
0
430
8
0
193
110
0
1
209
7
32
0
63
100
99
18
5
184
0
1
313
2
295
0
28
36
8
577
1
0
310
1
0
124
666
3
78
5
190
13
2
275
188
288
1
0
4
0
0
0
0
0
280
297
11
214
1
298
0
108
7
65
4
28
0
17
559
1
175
97
71
23
0
0
845
50
0
4
178
0
4
0
0
15
0
0
1
0
0
42
11
2
146
57
408
3
966
0
84
170
0
3
53
80
339
0
3
0
10
0
634
1
29
8
25
426
5
600
0
21
589
12
5
0
0
51
394
0
8
55
191
1
327
0
10
16
376
0
614
16
0
73
208
0
0
1
0
419
27
0
6
15
779
0
1
378
37
8
0
364
709
0
11
218
42
15
115
19
0
109
0
138
26
11
72
0
1
428
13
34
0
295
6
2
0
12
453
2
0
0
0
1
0
2
761
348
12
0
1
88
19
0
0
0
0
10
209
6
114
1
0
234
0
1
705
40
4
0
11
0
328
317
699
10
5
146
328
647
1
60
33
866
3
971
92
8
4
889
1
0
44
64
0
699
25
63
423
19
1
0
15
0
242
73
213
0
0
1
3
47
240
11
186
1
271
617
67
5
0
863
838
0
10
139
774
36
319
443
1
666
58
967
0
1
71
120
0
11
2
255
607
46
0
0
32
66
260
0
0
1
0
0
520
19
0
1
56
128
3
23
0
8
10
0
0
32
31
0
4
28
358
1
0
301
29
14
7
0
85
234
4
0
109
34
0
6
97
14
0
46
5
0
13
9
0
70
4
0
2
228
0
1
0
0
7
71
0
55
1
357
148
120
0
4
0
10
308
9
8
87
44
0
26
116
9
2
155
162
17
41
501
123
0
1
0
126
275
0
9
48
219
87
29
8
755
6
35
5
642
0
226
116
2
0
10
175
6
114
1
141
13
0
45
131
0
5
400
0
0
10
0
308
1
3
415
43
61
0
0
12
0
6
35
133
38
25
85
433
11
0
0
1
0
10
2
150
0
42
6
15
32
97
8
22
136
320
88
958
4
141
36
8
85
9
9
9
22
264
108
41
5
644
1
83
41
30
0
454
0
35
36
0
907
1
154
0
0
90
1004
67
111
0
4
506
1
0
0
12
0
0
0
279
10
0
12
0
1
2
0
0
7
5
996
1
89
380
295
1
495
0
22
136
144
164
51
18
5
64
90
385
50
201
4
101
201
101
101
201
201
235
15
201
1
3
117
221
0
143
141
1
0
397
0
1
56
3
68
95
5
0
11
20
1
128
0
1
149
0
0
1
1033
0
26
592
3
0
0
54
202
0
3
92
2
0
871
11
490
1
0
124
0
44
79
8
935
31
9
296
21
7
0
0
161
13
5
0
143
9
0
640
26
1
219
39
14
1
60
64
558
783
352
368
22
325
291
29
173
0
0
14
262
32
134
15
23
0
14
9
0
5
380
295
4
0
42
1
61
926
0
0
7
32
868
17
0
3
71
971
30
14
19
37
17
0
0
1
0
200
113
2
0
648
802
11
0
0
5
237
0
0
588
150
0
403
163
527
1
29
2
0
31
21
0
16
432
678
0
10
5
0
21
372
4
0
0
2
0
0
75
5
983
1
126
220
0
25
5
0
1
0
29
34
65
4
0
0
138
6
364
4
192
19
344
163
215
0
0
1
56
52
0
1
59
81
16
0
140
174
10
2
245
6
35
45
3
31
4
102
6
41
37
109
2
340
9
3
23
78
436
73
5
0
0
1
29
8
221
339
90
421
19
475
6
122
8
0
28
1019
4
339
34
307
0
421
19
0
0
0
1
0
209
7
0
11
2
0
171
311
22
2
0
34
851
374
45
2
0
0
151
7
2
677
130
153
1
169
15
79
120
366
483
641
0
9
93
3
51
0
7
654
1
397
0
41
23
5
234
0
841
20
51
139
0
301
0
1
3
0
23
285
0
0
0
0
107
0
17
0
1
249
3
92
4
285
0
6
35
221
28
0
345
520
5
0
0
0
15
764
14
40
1
532
977
302
2
962
12
2
472
182
0
376
581
1
0
27
0
545
194
0
0
1
149
195
0
369
1
0
52
4
0
102
0
0
0
1
3
141
10
0
954
20
131
3
87
51
349
16
674
0
3
157
10
0
634
1
169
52
1
63
51
0
5
232
287
10
21
328
0
0
1
16
0
7
52
619
0
4
193
0
1
263
3
0
1
224
25
8
19
0
9
60
75
30
291
5
0
2
546
12
632
259
113
0
0
259
1
0
930
334
756
144
104
31
40
19
0
159
69
15
1041
13
0
1
0
18
8
478
19
404
2
0
0
0
9
0
249
0
294
179
3
226
121
4
102
6
35
0
7
24
5
0
10
2
795
1
665
0
29
3
119
5
969
11
159
804
0
3
78
194
6
3
68
28
46
717
46
319
22
640
16
0
543
0
6
15
0
13
2
0
0
113
0
0
975
0
1
83
140
3
157
5
0
1
0
1027
59
39
8
24
0
470
713
4
90
6
3
92
4
349
463
3
713
5
525
12
35
100
338
182
1
601
2
0
43
61
183
2
0
0
1
356
148
64
0
13
165
163
0
9
0
30
180
5
247
303
9
56
814
272
65
4
18
4
465
36
0
13
21
76
712
1
458
4
0
0
0
125
0
0
11
632
6
35
14
79
24
155
1
0
12
0
314
0
10
712
1
48
0
3
187
30
14
212
18
111
244
12
227
0
0
0
11
382
434
765
0
1
59
7
101
32
488
13
2
0
9
0
4
28
5
511
0
19
596
1
575
154
182
7
1029
45
8
95
319
9
63
18
0
10
0
228
1
0
13
537
0
41
16
295
6
199
26
0
0
1047
0
1
3
0
0
1009
0
1
192
44
9
0
1
224
0
28
0
85
29
131
460
26
3
119
4
28
0
45
3
556
87
16
0
1
206
332
16
295
1
83
499
244
208
1
354
195
2
707
0
256
0
0
560
4
0
0
0
4
5
427
0
51
77
31
5
64
655
0
76
6
46
2
0
0
381
0
9
68
14
28
5
0
728
9
0
14
98
62
254
69
115
1
124
213
0
78
5
101
819
112
1
0
12
2
104
430
22
0
1
0
16
827
0
51
28
54
0
0
73
0
1
3
145
302
228
0
0
0
22
0
0
0
1
398
195
0
9
124
71
9
627
199
14
4
8
74
1
154
0
55
13
0
144
17
0
0
53
3
18
2
0
0
62
1
0
11
450
15
571
10
0
0
1043
42
22
1
0
7
198
922
772
689
2
0
1
29
439
455
4
364
2
64
0
0
19
0
13
0
6
914
60
15
26
19
778
0
19
0
15
63
51
66
1
0
13
4
2
308
0
1
154
0
0
0
116
0
21
286
0
0
1
998
0
7
0
26
13
110
201
0
1
20
0
799
226
50
4
819
309
767
1
297
24
350
0
1
2
510
10
16
0
0
331
4
148
471
0
0
0
44
744
12
379
7
21
1
249
37
227
403
137
912
0
401
912
0
36
0
0
0
0
1
89
0
21
625
79
24
0
4
28
5
0
10
0
1
152
67
111
0
73
0
42
1
3
970
5
920
0
159
57
3
932
2
273
0
0
10
2
0
15
37
12
14
274
0
959
2
273
0
1
149
38
887
13
507
90
32
1
0
0
7
0
0
22
0
1
27
14
71
0
4
18
4
228
19
0
0
45
3
0
55
9
1032
33
197
251
1
0
0
921
9
0
336
13
2
0
343
7
0
501
21
104
0
343
69
9
0
0
1
3
221
651
2
106
129
3
53
703
7
13
16
0
652
0
0
1
2
82
137
273
997
0
3
18
410
631
99
119
273
10
0
39
14
98
43
1
0
2
106
340
8
51
153
349
0
6
0
0
1
124
3
628
21
144
0
274
222
1
208
0
10
2
739
42
707
0
19
37
57
347
1
447
276
1
135
16
730
25
71
10
4
132
0
510
893
38
484
13
0
0
1
0
0
3
119
21
0
255
138
10
16
0
3
27
65
4
138
0
0
1
33
259
1
60
0
4
28
5
261
0
22
300
1
0
582
0
39
8
18
5
849
9
83
499
244
399
1
135
2
75
0
130
7
177
234
36
615
0
243
456
14
19
344
137
281
10
2
82
229
1
112
209
1
168
3
18
282
71
120
791
15
0
366
345
386
76
480
1
128
0
16
130
562
89
1
63
106
18
30
238
473
376
4
514
387
6
15
122
711
223
0
0
1
58
0
1
1025
29
3
611
5
165
163
1040
942
528
13
367
6
49
247
51
20
0
28
9
3
0
55
19
0
4
66
94
2
0
0
19
0
211
15
0
118
0
3
158
0
1
89
562
277
1
32
430
36
43
62
1
56
79
8
0
37
639
10
34
0
351
2
0
0
9
300
261
35
74
7
52
57
4
0
0
17
21
27
161
84
0
0
1
83
0
1
0
106
615
0
503
0
193
201
0
492
1
880
0
0
1
0
0
0
0
0
0
777
0
73
0
20
5
0
7
24
5
287
1
93
345
176
0
1
14
0
0
1
5
0
13
0
218
564
36
181
0
12
0
7
2
0
12
0
1
325
25
8
65
239
16
0
9
0
1
713
16
214
50
0
13
0
17
20
27
129
85
324
17
396
354
0
0
12
437
1
33
444
35
3
92
4
28
23
46
134
12
34
949
46
225
32
3
47
727
216
200
676
1
0
569
2
850
6
106
4
349
20
2
292
27
0
1
0
306
3
684
94
181
0
1
59
25
37
2
0
10
142
754
0
180
548
9
33
3
460
332
182
14
274
1
0
0
74
274
16
286
409
55
0
1
11
529
10
16
166
6
3
364
404
2
1004
0
12
0
15
3
23
31
1
15
250
3
47
34
0
101
363
0
6
160
8
25
85
0
85
140
40
34
731
0
904
1
0
0
176
1
0
365
142
342
4
0
10
2
254
1
33
201
0
761
0
12
994
0
4
2
211
38
105
3
47
305
4
31
5
0
12
151
1
93
23
86
307
55
1
0
181
6
15
0
0
6
322
479
2
0
0
1
93
16
440
27
72
98
1
14
0
82
143
441
0
66
451
13
289
1
33
1035
0
1
0
139
0
55
11
293
42
17
56
57
4
0
4
0
6
0
2
0
12
127
1
83
3
62
603
0
13
248
25
0
0
123
750
1
577
269
1
378
101
0
407
0
26
0
250
41
2
0
1
45
2
724
0
274
40
11
2
202
0
0
1
662
601
8
0
14
0
30
0
143
1
396
364
0
414
0
10
34
957
6
0
0
6
15
0
46
0
3
105
2
0
3
47
19
10
167
315
871
2
185
11
465
957
19
142
194
676
1
663
290
9
998
0
161
0
46
33
370
413
230
0
166
0
7
3
219
87
44
3
47
65
4
28
11
632
1
0
0
75
908
0
9
41
951
0
342
1
223
37
2
0
12
5
0
6
35
881
4
31
125
167
1
5
0
69
4
0
44
63
68
39
29
54
0
491
9
71
9
0
1
0
107
253
335
0
384
54
0
6
0
68
18
0
1
325
498
1
663
7
20
0
0
9
0
197
16
217
20
27
0
0
1
46
0
0
257
50
0
798
6
14
0
0
20
0
51
28
2
0
0
11
0
0
1
2
490
0
27
85
0
6
32
110
323
67
111
0
4
2
0
0
0
1
0
232
878
0
1
701
0
431
12
0
1
39
3
31
5
938
863
11
404
5
261
412
0
10
16
391
1000
9
250
6
250
3
0
0
175
175
175
175
1
33
0
0
1
88
19
917
748
437
152
6
114
1
811
99
0
0
0
0
0
0
0
0
0
11
0
22
354
0
1
497
0
0
0
1
356
40
12
0
6
81
2
0
0
66
239
405
534
75
186
9
44
79
3
133
0
1
0
79
8
0
75
0
9
0
9
450
0
550
0
12
804
10
0
35
147
7
488
10
2
247
520
22
3
18
52
0
4
359
21
0
961
1
264
16
0
0
592
0
870
24
341
0
1
33
880
1
8
222
0
20
6
3
0
468
947
0
1
396
0
0
0
533
18
71
78
4
0
65
0
973
36
99
830
845
84
1
0
4
914
0
0
0
690
21
82
220
283
71
0
16
634
17
106
78
5
0
0
0
1
48
291
38
322
0
0
14
1
448
428
765
15
0
0
25
72
0
123
0
1
94
1
1020
144
164
13
34
201
141
3
140
0
4
411
0
0
725
1
0
0
140
113
8
66
1
3
236
18
0
711
0
40
0
10
167
0
1
300
14
68
28
210
433
3
0
11
96
0
516
84
170
442
17
0
283
27
321
1014
1
49
246
0
81
14
183
179
0
0
20
2
1006
747
97
24
28
1019
4
233
54
0
0
0
147
1
26
432
3
611
5
867
171
82
143
432
81
14
189
36
54
0
0
12
389
5
0
9
0
1
557
1040
441
0
363
1
586
0
10
0
529
5
335
6
62
5
232
925
1
662
255
1
0
545
428
77
529
0
348
0
13
5
0
17
905
1
656
118
20
43
221
0
230
122
59
39
8
187
2
95
4
133
29
8
100
651
14
9
732
189
4
2
0
0
14
7
513
0
37
8
53
39
7
0
1
165
163
588
316
0
0
1
318
0
12
16
0
1
253
335
0
0
0
516
116
0
1
58
0
0
1
270
213
49
39
3
1015
5
949
13
201
9
26
896
0
46
0
197
0
1
575
3
285
626
3
0
971
105
14
27
393
909
0
6
35
72
12
5
336
0
130
1
439
61
455
4
140
109
0
36
0
15
3
97
0
0
101
0
11
60
15
3
97
63
199
55
13
110
633
722
15
31
310
9
667
44
200
7
21
9
56
3
87
38
87
6
3
23
92
151
4
87
1
132
43
18
71
0
0
0
0
0
0
551
33
1
573
0
6
3
0
636
180
21
0
8
18
54
0
229
69
15
464
0
14
1
3
47
240
11
0
0
1
89
584
0
7
5
0
12
548
1
49
0
17
0
64
0
864
100
773
2
566
1
33
259
1
136
7
21
5
0
225
1
83
457
10
2
0
118
65
417
0
370
1
33
225
394
193
2
113
1
224
74
7
5
0
9
0
3
47
10
11
5
0
1
41
0
62
22
0
1
33
168
173
0
16
0
1
0
50
5
0
799
693
5
0
125
5
0
0
0
1
3
68
0
0
14
1
285
0
42
10
0
0
3
119
2
0
0
540
1
445
14
456
4
28
0
671
451
15
0
0
19
400
6
62
2
1006
7
262
108
36
0
19
401
1
21
490
6
461
2
309
0
61
155
580
930
203
50
367
265
0
136
507
5
175
137
4
26
1
60
158
4
94
271
617
901
778
0
1
0
489
304
156
0
3
18
5
589
1
801
2
286
7
65
121
4
0
897
1
83
779
40
12
2
0
85
1
32
247
126
220
1
0
395
15
841
2
939
32
176
26
217
0
1
0
0
18
545
36
698
0
178
699
276
1
1034
355
7
14
71
0
4
155
137
215
5
164
9
0
0
49
8
0
239
167
1
224
21
117
374
26
158
319
11
2
506
130
32
134
0
77
0
46
276
11
37
2
178
2
311
67
0
11
170
1
509
163
215
4
126
0
17
15
250
3
47
0
55
19
108
4
94
151
0
1
225
66
4
652
1
89
21
7
5
0
606
1
88
19
0
0
976
0
0
6
114
1
3
212
162
18
4
171
14
1
60
806
0
866
8
0
142
11
5
164
15
5
231
4
0
125
2
0
1
83
905
3
0
1
169
506
460
0
3
241
21
686
826
129
222
10
2
615
12
220
1
3
23
0
15
0
19
2
315
0
0
2
0
10
0
15
77
23
944
26
54
0
140
251
1
803
8
97
0
0
0
10
114
11
0
0
1
576
249
0
0
10
175
6
114
182
38
25
0
0
0
6
106
0
793
1
32
240
1
192
7
216
420
0
9
272
80
10
0
3
0
54
229
10
539
11
238
0
1
4
424
620
4
0
10
334
0
331
14
0
471
0
0
145
6
213
0
1
58
0
1
56
29
8
156
854
350
4
956
11
5
0
90
13
5
84
104
0
6
227
67
5
0
0
11
23
181
1
0
60
1
20
1005
0
45
5
0
90
861
727
0
566
10
334
756
17
124
23
359
70
49
0
27
5
0
12
2
0
0
0
0
1
82
0
0
1
0
0
1
326
35
180
20
41
223
2
346
0
4
0
1
0
0
53
3
176
8
1
0
10
2
0
1
1036
269
629
1
173
555
99
133
14
98
1
549
317
1
168
33
320
1
0
25
0
204
672
1
0
7
32
0
3
47
0
4
140
30
213
0
1
56
3
71
556
187
30
0
14
10
2
615
12
2
909
6
0
2
0
1
153
0
44
0
0
0
81
9
14
374
2
677
0
10
2
328
1
228
12
783
0
26
65
306
1
5
0
883
20
29
8
0
817
0
6
8
53
279
10
0
0
386
34
0
237
0
19
0
340
1
58
0
311
1
0
0
1
33
259
1
0
222
294
2
0
13
34
235
17
0
0
1
0
59
1024
7
222
123
740
838
557
67
401
0
0
10
290
52
0
588
181
740
10
202
290
737
0
0
1
450
462
0
4
31
40
12
2
0
183
0
243
593
0
0
9
192
265
3
371
54
0
10
230
0
191
0
1
8
18
111
729
0
4
0
11
208
330
6
8
533
28
32
0
10
2
328
0
1
0
15
0
1
449
662
63
97
464
54
248
0
0
0
19
537
1
92
4
402
15
0
9
155
13
0
135
1
264
0
0
1
318
2
0
47
0
7
853
5
0
0
12
0
8
18
687
0
0
6
0
6
238
0
0
6
147
0
0
4
0
0
280
297
11
214
1
446
96
106
84
180
0
0
19
150
0
1
5
0
353
31
116
2
121
968
118
24
20
321
1
93
41
80
5
0
425
1
0
189
351
252
0
10
0
15
74
7
5
258
72
4
39
1
16
0
11
0
0
13
16
261
67
54
202
698
0
11
0
975
0
18
5
166
1
572
113
26
144
57
1
300
409
55
11
964
6
15
38
872
40
0
45
38
25
383
5
283
1
263
195
71
0
12
8
4
133
1
91
8
117
0
4
479
34
0
45
41
0
6
61
25
8
704
116
34
0
4
9
34
0
9
91
545
428
175
27
2
146
0
795
4
0
37
12
41
0
0
1
354
26
85
9
3
611
284
181
69
0
6
15
14
556
86
14
4
0
82
143
80
23
0
0
1
14
374
26
32
0
45
3
94
43
0
107
0
13
5
0
36
96
0
0
13
96
0
1
732
0
20
42
51
0
49
767
34
90
7
11
2
144
0
0
0
1
60
158
4
94
271
617
24
0
216
218
0
4
0
9
9
296
0
38
25
0
8
1
10
152
14
7
135
269
4
303
40
10
948
12
5
992
65
816
0
1
0
0
0
40
0
26
13
289
17
53
8
24
1
112
25
8
0
0
9
0
0
1
0
3
18
1041
0
13
101
22
905
3
0
23
388
5
0
0
90
781
1
0
44
47
3
65
4
138
70
62
9
48
41
5
155
10
0
96
0
25
10
2
98
864
672
1
88
242
147
7
426
5
232
57
19
5
0
10
132
955
0
2
0
67
792
5
931
6
931
0
44
5
0
1
83
308
72
30
0
1
313
75
313
24
18
0
388
5
405
534
347
515
178
341
1
398
0
1
93
3
628
8
31
52
72
123
54
327
1
141
140
49
247
81
14
183
11
5
287
36
5
0
10
261
412
4
86
5
0
649
155
9
809
395
8
25
5
0
235
425
235
4
294
2
94
29
2
312
43
0
2
0
19
2
0
25
162
0
0
1
124
3
18
0
10
16
0
11
120
618
13
2
275
188
0
1
56
460
8
3
68
341
904
1
58
2
64
101
0
525
11
8
673
0
0
1
210
0
0
55
2
0
12
506
0
0
55
2
485
12
21
104
721
301
1
89
35
38
520
13
0
0
0
22
457
2
740
78
0
790
763
0
15
7
117
0
1
3
23
78
400
0
107
13
570
0
459
157
16
69
276
1
0
45
7
2
485
0
11
21
0
0
9
58
0
1
0
12
580
104
312
213
17
3
362
3
119
2
707
0
12
2
43
61
303
10
4
5
400
734
624
451
535
742
1
93
0
8
18
190
0
0
10
20
0
187
30
88
65
4
0
1
58
4
28
0
0
6
5
0
0
12
0
7
24
5
0
0
19
0
23
314
16
211
1
0
0
0
1
0
115
1
23
11
2
185
6
110
348
67
52
167
0
23
11
2
185
17
0
35
39
38
18
0
897
0
1
48
0
0
75
11
2
255
607
6
268
2
181
942
0
13
54
0
256
1
41
24
64
170
0
3
39
44
3
92
19
0
1
357
0
0
1
660
7
20
5
0
9
318
3
47
0
116
37
21
642
0
13
2
518
121
510
1
48
37
20
915
7
20
0
0
1
803
0
36
5
186
765
415
1
41
951
400
0
10
16
228
730
0
4
331
2
0
13
191
1
3
145
20
0
0
0
0
0
1
76
12
16
766
366
7
45
168
0
16
0
122
274
13
101
15
591
15
0
407
856
581
1
0
44
29
21
138
27
529
5
0
15
8
23
0
14
0
135
3
31
4
155
19
5
0
377
10
0
109
2
252
1
296
44
13
486
25
8
305
4
133
1
391
7
5
0
10
2
0
1
166
7
5
0
12
0
15
88
0
0
1
497
0
272
23
0
8
86
30
0
5
164
15
785
233
34
731
0
17
0
73
2
0
16
270
455
26
4
233
11
167
173
593
88
5
0
1
168
174
981
0
1
378
745
233
877
0
38
212
189
10
0
45
34
5
167
0
61
0
21
373
15
95
4
268
0
115
1
0
1
0
10
16
1003
727
36
5
0
0
11
2
417
451
535
17
88
223
5
991
1
64
0
131
23
365
5
0
0
608
12
5
598
0
0
1
60
44
2
379
7
21
1
302
0
0
693
5
0
0
160
63
0
40
12
5
0
564
7
16
766
341
0
135
38
25
0
142
55
36
131
0
0
1
0
0
1033
0
1
0
0
18
474
0
1
5
427
203
442
45
14
27
815
3
27
30
251
14
0
111
174
13
16
295
11
170
15
62
46
3
359
21
118
743
704
749
1
128
58
824
20
1
0
0
4
87
1
21
7
223
0
363
1
0
65
116
2
0
17
0
809
395
29
8
0
14
11
30
0
13
2
0
0
310
0
6
41
5
0
0
310
22
360
2
670
536
554
19
0
10
0
6
114
1
37
21
0
374
26
0
113
0
913
0
10
64
0
6
114
1
41
111
309
126
275
500
1
426
688
178
7
76
12
2
198
0
0
153
1
0
295
0
1
0
67
724
17
0
191
0
1
1021
0
55
4
41
0
8
187
0
42
0
389
2
0
305
4
0
0
351
901
57
1
136
210
358
1
186
62
0
129
85
321
4
764
40
182
3
47
0
3
186
686
2
235
6
62
14
593
3
92
4
66
4
132
0
10
0
28
0
994
738
7
2
0
1
167
315
7
32
0
15
0
0
918
1
270
0
132
257
6
66
31
431
26
197
1
414
0
292
50
519
547
9
3
105
250
0
1
33
225
106
29
38
25
1001
1
620
4
5
204
233
963
364
4
0
985
0
4
16
270
27
85
855
1
83
499
244
108
1
318
3
0
2
0
538
159
873
11
2
255
0
785
86
2
0
22
341
22
378
264
49
0
0
383
9
207
31
822
76
12
172
19
237
405
0
1
225
33
24
46
0
46
2
0
0
3
78
21
0
0
1
0
569
2
142
4
0
1
285
2
82
0
0
13
16
0
465
12
2
323
11
2
82
57
0
2
0
1
168
0
197
251
1
1021
0
7
493
84
558
215
19
0
1
326
308
642
292
0
0
26
13
292
0
1
0
37
715
1
1028
127
0
0
22
0
22
0
0
1
238
330
265
817
0
0
0
1
3
0
985
6
15
62
985
12
37
0
51
24
1017
0
0
0
0
1
16
637
0
0
10
2
0
45
3
554
0
1
45
34
0
10
2
857
15
31
21
1
744
350
4
331
13
16
227
90
0
11
432
13
405
534
36
307
0
15
62
630
302
835
1
29
8
631
936
4
0
310
19
84
47
18
8
99
936
4
0
9
700
333
12
2
143
274
40
4
0
11
0
116
16
0
0
0
1
1036
33
1030
3
103
543
8
2
0
4
263
1
24
108
535
67
0
19
2
323
0
6
15
5
0
67
236
111
0
125
110
0
0
1
660
0
41
71
309
45
2
0
0
8
32
134
38
420
96
0
0
180
8
0
1
0
4
2
102
52
76
836
201
492
1
0
29
106
21
584
0
27
487
13
0
1
3
145
0
262
10
0
351
334
756
1
986
0
289
0
467
971
384
0
19
37
0
0
1
62
20
2
0
0
0
7
923
150
6
63
25
107
4
44
62
9
0
987
0
9
0
49
212
76
0
568
0
0
11
2
121
12
5
165
163
29
76
0
116
2
0
9
56
80
5
0
1
33
7
21
44
8
105
70
504
8
25
19
2
586
0
211
9
0
10
16
0
9
0
1
544
727
0
0
13
2
335
1
326
0
0
11
0
69
1
91
325
61
0
20
2
0
7
383
370
1
250
0
0
6
14
7
57
4
464
2
0
21
7
16
82
130
1
33
1
49
25
16
0
717
350
4
0
55
21
134
257
13
2
0
12
0
9
5
0
0
7
5
0
0
301
0
44
13
486
25
8
383
8
25
117
0
10
1003
37
69
9
306
0
20
43
10
1038
741
0
100
590
49
4
0
10
0
11
54
188
1
146
317
1017
10
30
84
203
0
0
1
168
192
79
38
71
1
3
0
0
5
0
10
616
179
16
0
470
1
354
437
75
0
75
585
1
0
1
89
3
145
434
0
530
1
378
450
237
804
0
0
1
809
395
49
247
79
8
0
9
3
95
4
39
21
115
1
326
41
1005
6
489
14
0
43
65
73
1
0
317
329
7
107
22
1046
1
33
8
51
139
28
46
0
46
629
36
753
0
1
74
7
52
129
3
47
177
54
5
10
0
293
17
0
145
20
506
593
88
16
432
1
93
2
0
0
7
0
1
681
1011
70
126
0
7
159
0
7
0
408
6
35
41
162
71
0
1
3
18
456
493
37
16
178
11
2
0
900
35
74
7
399
203
376
0
0
1
124
794
213
0
70
110
0
17
47
3
2
106
76
61
455
4
66
94
0
19
596
21
104
9
0
1
127
0
0
0
782
4
0
148
0
9
661
249
32
134
11
560
0
1
0
184
0
1
168
0
24
0
251
22
0
95
5
387
50
102
0
1
495
585
8
31
13
2
638
5
427
897
0
4
86
34
188
634
5
436
0
1
357
0
4
2
0
738
1
217
0
0
0
2
0
0
0
0
0
1
56
14
7
482
4
0
2
160
12
2
129
0
7
0
6
14
7
0
752
4
349
15
0
72
13
20
480
1
0
3
23
743
286
74
15
0
19
0
460
16
0
4
66
140
121
19
2
649
0
11
5
120
0
1
91
33
97
63
23
0
10
948
12
629
0
11
190
0
9
325
498
8
87
172
0
366
38
371
13
0
4
86
242
38
100
94
392
552
9
118
30
8
18
172
13
0
1
56
585
1
0
445
235
502
0
1
269
0
195
433
1
56
14
7
161
482
4
603
23
49
2
0
256
0
345
462
304
911
0
1
447
27
14
393
1
131
196
462
2
896
20
52
76
0
70
2
0
0
1
3
105
14
0
16
270
40
20
3
988
16
0
0
4
0
0
1
58
694
14
0
79
24
483
46
550
46
3
47
0
1
0
172
25
37
210
414
253
972
20
0
0
2
518
11
972
37
843
29
38
279
11
0
994
0
0
9
0
0
0
45
8
95
319
9
58
0
0
119
474
0
0
639
2
628
1
60
39
8
18
5
0
4
0
9
495
219
773
391
0
1
0
605
12
2
164
274
4
397
1
808
308
15
0
50
290
1
0
1
0
23
339
2
0
558
200
3
68
18
5
652
583
14
17
192
27
74
5
174
0
194
1
3
0
4
603
20
45
3
0
16
261
4
0
0
0
6
3
68
24
28
1019
4
193
14
2
0
12
2
143
17
0
1
3
18
161
487
20
0
13
0
7
16
144
528
979
0
59
81
0
24
18
76
1
21
7
14
1
2
0
130
153
7
45
2
544
50
0
0
216
566
1
0
1
0
811
58
1
572
59
847
1
448
3
68
623
268
0
11
0
1
89
77
477
347
98
0
0
747
1
0
0
15
0
26
459
157
16
69
1
127
582
0
0
0
916
22
244
12
54
419
317
8
32
134
92
4
0
7
0
790
830
22
29
8
199
26
5
526
511
6
8
53
0
34
0
20
14
51
28
609
10
0
384
1
0
161
39
5
407
0
522
1
295
431
113
0
0
418
10
209
6
114
1
195
0
3
371
0
0
125
2
0
526
0
1
3
105
709
0
10
2
0
0
2
538
12
433
366
3
47
459
758
3
79
1
48
0
152
0
2
307
40
12
2
0
10
2
0
503
8
94
7
0
24
0
20
201
860
27
5
0
0
17
478
309
592
1
174
340
19
0
85
1
56
926
8
156
55
4
52
120
1
0
57
4
0
0
0
22
42
5
646
786
26
244
12
2
0
66
0
15
3
18
139
587
4
28
5
0
622
1
48
0
364
2
874
0
0
0
38
25
881
4
133
52
108
281
1
48
206
195
49
38
0
2
178
6
32
41
5
875
543
0
1
14
7
129
85
553
4
28
13
5
728
1
264
0
8
25
0
65
107
1
397
96
24
768
10
5
0
4
28
0
2
0
1
2
43
13
2
0
343
18
2
0
12
5
0
0
0
0
1
356
0
505
352
4
2
637
1
665
0
0
222
0
636
4
171
2
200
1
48
197
461
0
627
28
302
122
22
0
17
0
20
8
0
150
14
68
28
174
29
8
0
281
10
989
57
17
461
0
0
1
124
115
0
1
43
689
70
0
200
0
134
9
33
2
64
0
21
7
2
64
654
1
300
301
0
1
7
14
71
367
29
37
2
323
81
7
171
953
9
33
44
18
8
792
998
1
972
6
0
311
0
0
0
280
297
11
214
1
1037
42
10
0
6
0
0
0
27
0
1041
11
305
4
279
10
5
0
0
0
0
673
1
0
301
0
0
0
118
174
4
28
10
8
0
28
0
21
0
0
50
2
472
7
557
10
0
1
60
33
14
27
37
34
0
306
1
0
208
215
42
361
11
190
11
170
6
15
176
450
1
0
0
0
409
55
19
1
32
29
14
595
5
978
4
0
5
978
122
44
491
146
9
2
978
75
2
978
9
0
356
52
114
0
18
151
10
858
32
3
611
14
528
13
367
0
49
247
20
51
28
1
370
0
736
0
157
2
440
4
30
5
231
229
606
1
446
0
3
267
14
27
0
1
249
19
344
10
21
0
0
37
13
63
0
0
1
0
530
41
0
1
91
80
631
157
148
0
9
161
13
16
0
928
14
0
4
141
10
2
989
57
0
9
656
79
8
99
171
2
643
194
6
21
27
5
989
0
9
0
719
11
2
353
13
0
0
1
48
206
106
31
0
10
2
0
148
0
0
795
67
0
96
0
2
231
12
0
191
1039
73
485
12
0
1
0
0
14
85
17
0
476
7
129
549
123
44
995
381
26
1
20
625
988
0
32
246
281
173
103
28
13
796
0
1
532
78
542
73
5
424
0
239
2
736
0
1
112
825
1
445
209
114
6
32
2
152
737
1
1032
33
100
31
715
36
26
23
489
507
0
110
0
0
1
3
241
429
16
323
0
7
933
179
16
270
0
5
0
12
0
13
14
1
0
496
0
78
2
0
65
4
0
6
0
0
2
717
0
65
4
0
1
95
0
21
252
17
148
0
9
0
0
45
8
25
881
4
39
5
718
903
294
40
2
0
521
13
686
22
136
7
21
0
11
177
772
36
0
0
9
1010
87
45
2
0
7
21
104
9
0
1
299
0
413
77
0
55
1
3
187
30
272
65
4
86
5
101
0
21
164
17
0
1
91
49
27
14
0
1
0
0
174
1
224
0
9
2
0
789
121
2
197
32
0
0
12
886
256
0
15
0
0
274
4
0
11
84
203
19
5
0
0
6
15
780
121
10
5
247
0
0
1
48
0
0
0
20
0
0
172
0
1
60
0
125
514
873
36
5
0
22
56
2
0
7
2
204
846
1
0
44
79
8
31
13
2
0
188
9
16
701
0
0
0
0
15
62
74
7
5
0
15
0
696
15
901
5
0
109
16
0
1
149
19
344
3
338
923
14
74
1
0
4
0
0
11
102
0
1
0
337
30
284
0
0
11
0
1
60
0
117
23
685
98
342
0
1
14
7
752
4
462
29
0
0
7
0
75
23
0
0
355
196
551
1
446
3
71
628
77
67
5
874
101
182
77
23
0
13
8
1
0
1
58
0
4
349
15
39
2
0
6
0
74
7
52
0
4
21
330
0
0
0
13
2
186
0
581
1
0
0
0
11
450
42
10
209
114
22
16
295
7
42
22
0
159
57
683
0
528
0
4
0
20
96
256
7
0
15
600
15
0
15
312
15
600
1
0
16
0
0
0
10
2
0
0
1
8
68
28
0
19
2
0
12
778
0
15
0
61
882
37
4
2
202
0
597
538
0
1
570
25
8
0
12
0
5
0
695
4
0
13
5
0
9
0
196
100
28
21
287
1
0
0
95
4
0
4
406
0
0
0
10
96
421
1
3
145
0
0
52
76
552
7
19
2
857
15
3
53
28
0
1
813
0
1
45
79
0
0
792
853
5
0
0
10
220
42
1
397
0
0
71
5
0
9
577
621
0
115
1
297
0
0
0
0
0
1
408
45
27
14
0
4
0
21
245
9
23
1006
286
0
0
0
0
0
0
0
0
0
1
127
0
658
131
31
273
11
20
788
1
41
30
2
312
19
237
405
798
39
8
92
72
257
75
622
257
9
89
3
0
216
543
819
1
3
362
3
119
5
0
3
103
896
20
103
0
131
4
30
622
123
137
184
856
5
69
1
2
0
0
19
132
0
894
711
7
501
123
132
0
0
0
1
445
106
671
6
35
2
0
12
2
57
88
236
13
14
45
907
189
10
1
56
3
0
14
13
101
82
546
17
23
0
8
119
410
14
1
136
0
0
1
3
0
5
84
610
0
4
31
125
0
6
15
122
604
163
0
301
307
17
10
471
343
3
80
221
0
1
866
272
30
2
0
287
0
133
20
6
35
272
23
380
1
48
31
14
9
788
9
0
1
805
117
52
76
836
0
557
0
10
293
113
347
102
1
298
0
0
1
33
39
8
590
44
21
138
0
9
0
1024
0
31
0
1
207
660
2
0
81
54
393
377
19
0
0
23
5
0
0
1
923
11
2
586
0
10
208
203
17
0
1
56
128
35
0
877
0
10
0
0
257
0
0
1
60
52
470
6
52
884
1
0
14
0
3
105
70
49
0
14
27
2
0
865
5
164
0
110
0
342
23
4
18
14
0
13
151
1
60
668
271
78
8
32
120
98
74
0
1
45
131
0
10
5
538
12
108
0
395
1
56
57
4
31
54
248
1
108
215
480
6
5
391
722
67
0
1
0
0
226
55
82
143
1
0
950
635
0
7
2
198
0
130
3
18
153
430
17
3
105
0
0
26
6
35
51
14
82
9
2
995
226
107
11
2
202
0
17
682
65
13
0
9
169
38
156
46
134
0
46
0
7
5
994
738
1
0
0
170
442
42
6
2
0
0
0
0
0
27
0
43
100
603
8
53
80
28
0
11
389
943
10
231
2
0
20
943
0
27
0
10
42
0
1
2
150
0
53
66
4
379
1
29
1010
372
0
4
31
125
2
0
0
6
140
19
37
2
0
0
157
42
0
0
1
16
0
117
0
1
150
7
677
10
142
11
0
63
422
481
109
2
82
823
81
21
0
2
0
9
93
66
15
39
34
55
0
463
15
479
26
15
16
434
0
1
2
428
20
3
23
266
70
252
17
3
145
49
327
566
725
7
5
130
62
6
45
147
0
14
10
494
82
514
0
0
1
0
25
2
198
0
548
0
1
0
0
635
0
0
121
4
155
1
23
11
2
185
6
110
348
27
0
13
890
0
11
2
185
17
42
10
391
6
63
157
0
391
7
52
619
0
1
0
8
313
415
0
0
0
62
6
35
14
27
645
0
10
0
1
89
14
7
5
382
0
0
8
97
0
14
11
26
1
169
0
1
127
67
0
0
0
0
311
17
131
458
4
0
16
90
40
12
16
543
194
15
210
0
0
8
39
24
0
5
0
0
50
230
0
1
0
411
0
28
0
1014
11
142
0
9
294
40
0
6
0
12
0
41
721
0
0
1
58
0
0
521
0
0
2
0
156
710
160
99
38
79
24
87
44
38
62
0
0
2
0
57
88
0
70
21
13
101
6
35
3
53
0
86
40
827
10
2
421
50
2
424
144
4
0
0
1
444
3
79
21
0
130
10
0
1
193
2
921
540
0
15
0
598
0
0
939
904
1
93
77
221
94
14
6
160
34
800
7
894
1
0
4
2
146
0
4
133
2
316
163
51
28
5
200
0
0
1
322
0
16
261
12
0
0
0
1
0
3
456
0
942
82
0
3
47
557
0
4
2
227
0
17
83
197
14
477
30
8
95
4
419
2
649
235
1
750
399
7
129
85
0
0
11
0
193
1
573
71
9
89
3
79
0
1
612
4
0
0
279
13
0
0
0
0
0
1
575
1029
154
0
1
0
66
4
2
0
465
15
31
0
35
41
269
489
63
18
0
1
207
996
1
0
106
0
7
5
0
0
117
195
626
0
1
48
0
416
587
5
0
11
0
1
459
710
11
2
220
0
115
17
3
18
52
0
49
4
0
0
0
6
75
44
5
0
0
7
17
11
37
172
61
0
2
0
167
612
829
2
0
279
73
84
0
17
937
0
0
10
209
894
0
19
41
0
1
0
53
238
0
793
0
28
0
843
4
86
5
0
793
0
9
0
1
0
67
54
188
10
54
229
15
77
7
0
772
19
0
1
0
239
0
5
734
442
15
0
16
90
0
191
0
1
325
498
39
8
604
70
14
10
0
13
34
1022
0
20
100
18
518
121
0
9
48
206
0
0
768
0
11
41
534
256
0
0
1
154
0
66
0
1
89
72
30
0
453
1
35
80
1
1
0
0
1
127
112
67
5
142
0
90
0
1
88
19
0
0
976
0
209
6
114
1
83
0
88
13
16
90
846
1
357
578
48
277
82
0
292
40
5
427
0
442
1
89
128
0
11
0
1
357
3
78
16
0
50
808
42
10
262
580
536
22
393
152
515
22
0
0
57
4
0
582
3
757
17
0
13
2
0
0
54
229
0
11
0
4
341
0
1
448
38
97
28
940
14
4
2
316
368
3
68
0
1
0
34
90
7
0
22
882
176
4
0
0
116
4
406
0
0
0
237
178
0
313
0
13
315
0
1008
29
3
587
4
364
0
15
14
0
433
0
40
14
27
5
0
12
0
0
1
63
53
52
0
1
48
0
9
33
15
8
25
24
1
128
3
285
20
592
7
20
340
322
419
443
9
3
94
52
0
1
0
441
2
973
702
12
0
1
169
757
44
194
7
1
571
49
39
3
31
5
0
409
9
0
0
1
3
47
240
11
0
1
661
0
0
0
658
416
476
0
818
0
1
168
0
0
98
8
0
26
37
2
57
1
48
41
0
4
28
0
688
541
178
6
52
0
17
517
22
659
38
156
416
305
4
0
8
11
0
306
1
923
113
0
0
975
0
0
0
10
0
6
0
1
33
150
7
117
2
106
253
36
5
234
0
0
12
0
109
14
22
2
0
0
67
862
22
49
39
32
246
43
18
2
0
4
0
0
13
253
335
11
108
215
3
158
21
1
149
802
250
22
0
1
0
0
0
2
1
0
188
17
439
92
4
0
26
0
10
2
144
164
4
233
5
186
939
9
0
0
0
0
0
0
1
3
684
31
55
40
12
16
518
10
728
6
35
219
92
4
0
0
43
1046
1
271
7
314
26
183
5
740
1
0
0
1
298
0
0
11
0
0
98
4
233
1
169
621
39
14
1
563
650
67
32
246
0
0
6
8
0
29
38
162
0
2
130
17
380
295
6
0
22
42
10
0
0
0
2
0
0
673
0
1
124
112
15
3
25
493
430
36
110
650
1
497
477
30
0
15
0
4
26
17
0
0
1
43
13
2
435
80
39
24
590
20
2
245
7
0
57
6
24
0
0
612
557
10
2
0
1
0
0
1
91
197
251
22
112
7
653
2
482
0
1
395
23
587
4
872
5
705
40
4
2
0
0
20
491
10
137
708
179
324
15
0
0
15
0
1
234
827
156
0
0
0
0
0
0
0
0
673
1
33
259
1
2
0
4
0
0
113
759
733
541
205
290
277
10
152
6
114
1
56
128
173
222
28
0
14
10
2
1004
6
694
3
47
98
8
25
358
1
865
5
0
84
215
302
0
0
53
0
8
53
139
31
350
12
282
17
0
1
489
59
24
1
0
0
13
16
90
37
0
0
1
33
41
24
358
847
0
1
530
54
316
0
13
2
0
49
79
0
375
20
483
9
22
9
22
9
22
9
0
457
3
47
833
1
33
99
0
6
63
484
40
280
414
784
184
1
880
0
2
775
1
422
5
0
69
407
0
36
112
160
77
27
0
0
1
48
227
0
1
0
189
13
496
6
141
5
920
1
3
18
5
0
15
16
0
25
0
109
2
0
12
5
0
3
105
3
47
65
4
0
1
33
0
1
449
0
0
112
128
446
269
0
17
3
27
162
848
12
21
1
493
78
5
377
42
3
27
0
2
963
0
539
6
15
460
2
544
70
5
164
0
6
15
77
988
216
0
1
0
0
519
547
51
792
146
142
434
4
842
137
0
0
13
0
181
89
37
63
39
7
402
1
0
0
1
131
117
491
4
1012
42
36
181
734
376
10
624
6
15
376
45
14
27
109
9
0
12
0
0
0
1
56
0
0
22
41
0
360
14
1
93
247
350
11
26
4
0
34
0
11
108
536
1
3
0
0
24
0
0
0
10
16
475
1
2
0
440
7
238
8
97
18
410
319
566
1
0
11
5
254
69
115
17
127
67
52
0
1
126
275
188
27
0
1
2
0
0
19
132
0
7
117
0
12
44
16
432
609
11
0
19
687
175
10
0
1
225
259
100
8
18
5
589
4
28
361
13
1
11
908
0
992
329
7
0
59
268
401
0
45
8
68
23
193
34
90
0
0
0
9
85
390
38
100
0
0
42
141
0
642
0
1
212
23
18
5
0
1007
1
60
251
138
333
11
0
142
37
1
0
0
491
23
46
3
27
685
125
102
17
844
65
4
28
5
232
69
17
191
0
0
1
0
252
81
24
66
20
767
1
0
0
20
120
0
0
0
1
0
49
246
43
0
2
146
0
9
1032
59
27
74
52
0
0
9
225
33
2
751
800
0
27
394
5
0
640
11
54
751
0
931
0
929
22
0
8
870
139
479
1
2
0
0
19
0
578
48
140
44
3
484
690
0
0
0
398
0
7
305
4
189
11
8
22
91
259
1
89
584
0
7
0
1
31
0
6
3
18
19
344
137
240
591
713
55
11
480
42
1
578
48
161
21
1
169
0
1
2
471
69
3
478
55
50
16
0
351
736
624
15
2
0
267
46
8
53
94
63
53
142
1
663
3
338
21
13
5
0
191
0
0
38
79
14
19
30
84
47
0
0
0
37
2
0
13
0
13
486
39
43
66
4
2
934
10
2
245
9
3
53
0
86
14
107
2
0
17
26
423
19
0
11
0
454
19
0
418
1
59
81
110
102
0
142
5
0
104
312
0
12
563
9
0
12
0
827
15
0
18
988
41
0
60
29
8
86
26
889
10
0
122
117
8
18
4
0
14
55
1
396
337
30
5
0
0
0
0
0
738
7
0
11
5
0
1
559
358
129
0
532
542
26
10
209
21
245
0
1
3
966
208
924
12
0
15
0
13
2
0
180
324
17
49
27
34
69
9
808
332
76
728
332
567
50
152
1
0
396
0
0
687
175
0
0
25
0
36
5
0
0
6
23
0
0
125
0
0
1
0
1
60
0
1
0
49
550
10
0
53
8
294
0
9
168
1
495
58
219
375
0
773
1
16
0
18
0
0
53
24
0
176
1
58
8
25
80
278
4
294
673
0
8
9
0
1
0
23
587
4
0
11
132
61
100
0
4
590
20
1
0
0
0
1
0
884
9
574
250
2
0
67
0
319
116
35
106
45
77
0
216
0
36
2
0
178
0
0
0
22
191
1
0
0
169
742
0
9
337
120
4
26
1
58
332
24
44
2
178
413
1
0
5
0
261
412
918
1
83
307
81
483
0
1
0
0
310
36
376
437
1
657
250
1
32
4
326
11
832
2
198
0
706
262
1
49
53
8
318
24
30
228
0
1
3
0
5
503
490
1
52
746
79
5
0
0
40
13
4
289
17
0
1
207
332
222
123
153
179
1
48
756
0
1
248
81
14
222
1
89
0
0
103
714
5
258
12
43
5
258
12
257
29
173
23
0
62
1
0
154
46
63
63
1
91
3
30
507
608
1
58
0
0
0
1
0
48
44
744
12
366
25
8
423
11
9
813
15
5
869
6
8
92
14
9
345
0
739
14
4
0
1
0
0
2
82
643
20
77
51
0
216
382
0
0
49
247
14
51
28
508
77
0
630
716
11
0
9
136
1
356
0
2
0
0
7
423
753
46
394
1
0
45
81
14
485
9
56
3
757
6
32
122
118
23
5
474
0
50
2
0
0
1
56
49
0
12
8
4
0
4
5
0
899
337
468
0
4
26
1
199
26
0
75
199
26
777
22
0
0
0
0
1
128
0
68
28
892
20
3
78
37
2
0
0
98
276
1
93
0
1
299
59
1
0
263
1
0
2
882
50
0
0
27
54
0
1
0
0
0
0
0
3
697
5
0
12
2
0
0
0
1
808
3
145
4
66
0
13
2
273
1
0
42
10
0
0
0
19
0
0
0
50
2
0
1
0
1
1036
0
1
60
29
38
100
199
8
5
108
863
0
118
5
158
0
1
298
47
3
2
106
76
61
593
21
212
28
5
227
613
9
351
0
930
41
65
4
28
0
0
0
15
0
0
22
0
0
25
469
2
0
130
1
16
64
650
7
352
40
49
4
0
567
815
13
548
10
5
0
69
1
349
34
947
0
340
1
24
451
708
180
0
19
367
15
16
0
323
7
236
0
70
0
0
0
513
0
231
57
0
1
689
50
0
0
17
0
1049
1
657
1
58
0
0
1
24
433
0
0
0
0
0
0
0
0
1
0
0
0
86
0
99
0
1
93
312
102
1
0
0
723
73
550
6
438
162
0
41
312
261
237
3
47
0
4
0
32
39
14
1
645
57
683
7
107
52
995
317
75
510
17
191
1
136
921
9
124
0
267
20
29
20
0
27
309
6
3
68
18
0
5
108
1
5
0
7
13
16
292
4
0
370
15
630
302
0
13
2
518
121
0
0
77
0
4
183
567
0
0
1
93
769
46
21
521
0
30
231
12
2
471
0
13
0
1
386
5
90
0
16
270
46
173
0
230
316
1
128
1
658
14
80
0
26
59
38
0
2
316
0
0
0
13
0
332
84
72
170
12
5
0
0
1
32
134
0
13
0
120
286
0
53
199
8
72
0
123
76
53
0
4
0
0
0
6
3
18
111
0
4
770
0
0
159
0
3
39
24
30
21
1
58
38
156
0
15
226
4
0
0
1
0
333
1
1016
0
0
212
28
2
0
130
195
0
4
26
278
21
104
1
726
516
878
15
612
10
5
488
0
6
51
76
0
0
9
124
26
85
35
135
3
0
120
1
56
3
236
388
5
645
0
0
341
6
88
24
177
5
0
38
25
2
255
130
1
0
0
215
12
126
275
42
0
0
0
500
1
83
117
21
324
191
1
82
57
63
171
5
909
10
494
122
63
18
4
718
11
638
1
656
8
242
30
4
0
2
463
77
413
98
121
6
32
3
187
3
53
86
2
0
1
354
2
72
8
87
1
298
8
95
4
39
284
13
0
0
16
90
13
0
6
15
52
0
9
1049
1
0
7
23
0
314
0
40
12
96
0
11
2
0
8
39
24
18
5
0
278
6
8
141
5
210
369
166
1
23
11
2
185
6
110
348
502
11
0
6
24
0
23
11
2
185
17
64
90
276
165
108
1
33
0
1
127
0
206
38
117
402
0
11
96
0
394
2
204
10
16
0
1
0
53
63
23
66
346
1
2
144
57
2
0
334
43
794
26
4
927
151
0
0
16
0
440
7
80
52
1
29
8
95
5
0
194
6
193
16
838
0
0
6
0
6
15
31
671
116
34
146
838
0
0
14
19
1
88
19
0
0
209
6
114
1
124
38
156
65
4
339
2
0
200
11
5
69
819
1
127
139
78
21
13
0
23
78
21
10
0
0
32
758
3
0
0
1
0
0
12
0
1
124
3
51
359
151
37
107
15
18
213
199
14
4
8
1
512
2
636
0
283
115
180
24
512
636
11
190
170
7
65
4
28
5
0
0
0
0
1
196
386
0
29
8
0
4
0
4
647
421
0
13
2
435
1
82
321
164
12
0
180
20
41
0
0
1
93
0
24
71
3
23
267
20
2
615
293
27
1018
37
10
2
0
17
332
44
3
78
40
12
14
1
58
3
18
0
5
0
734
0
1
56
14
7
117
752
4
18
5
390
490
45
8
25
36
712
1
575
120
618
0
1
398
1
950
19
2
475
0
28
144
4
142
28
30
1
307
3
0
73
54
229
0
0
1
15
147
67
5
0
1
11
172
13
101
61
133
52
777
0
10
0
6
74
7
5
0
777
0
11
0
2
379
7
0
0
13
2
0
0
0
9
298
165
108
6
165
108
6
15
5
165
108
1
7
14
517
85
134
4
794
11
0
4
86
5
0
248
235
9
3
18
24
111
1019
4
604
591
11
0
7
426
5
0
0
1
122
3
720
147
10
0
27
302
142
0
262
30
54
0
1
253
0
36
112
1
48
88
242
2
0
237
0
51
0
20
5
0
769
29
8
199
14
5
545
420
1
0
609
0
5
828
73
0
1
0
232
4
94
8
15
33
46
5
0
22
145
2
64
0
0
22
221
192
4
94
72
368
22
58
0
0
0
0
1
106
30
0
473
12
321
102
376
1
33
0
138
1
0
1
91
3
651
0
7
0
377
1
33
3
95
4
183
116
16
0
0
1
58
128
3
119
14
146
0
0
1
974
287
19
367
29
34
774
346
6
15
34
117
85
772
4
419
568
0
6
41
57
4
406
0
0
1
3
53
31
30
54
669
13
37
16
0
17
959
0
275
3
95
5
0
17
0
0
7
232
1
207
211
1
88
80
0
40
13
832
0
508
0
181
1
0
1
190
69
164
9
3
105
250
0
1
2
275
960
156
0
82
0
59
53
3
52
0
9
500
1
56
3
71
103
782
622
70
2
0
6
38
221
31
392
430
1009
6
80
18
0
1
154
21
7
516
71
929
1
0
46
655
0
76
381
0
15
0
0
6
68
8
233
5
0
0
75
5
0
728
9
3
47
240
11
2
0
1
0
7
513
0
17
0
1
806
91
1026
0
182
7
16
0
0
1
29
675
24
719
11
0
6
294
14
40
22
409
55
42
15
0
94
49
63
0
22
495
405
0
34
638
634
6
15
41
135
24
20
390
1
658
127
0
462
26
131
78
20
13
5
686
1
58
8
92
5
0
57
722
9
3
51
86
242
14
595
55
0
12
2
229
0
1
16
367
431
27
5
0
50
0
0
1
169
8
18
21
606
5
258
6
219
8
9
805
29
14
27
5
0
73
0
0
4
0
55
0
607
6
81
20
0
46
0
0
9
132
43
39
393
366
15
31
0
0
0
180
0
16
0
51
28
2
0
407
0
1
58
364
26
1
0
0
103
28
0
0
11
612
280
297
11
214
1
666
8
18
4
192
265
115
11
150
1017
900
17
3
27
10
0
1
0
643
0
11
878
280
297
11
214
1
56
37
3
39
7
0
1
127
7
2
198
0
15
0
10
0
1
169
8
87
14
17
234
0
0
4
2
0
13
0
1
0
0
13
5
256
0
0
1
802
145
16
0
1
44
79
3
0
10
494
42
9
0
55
11
0
0
294
1
0
0
55
19
155
1
0
8
87
38
25
352
40
36
5
64
76
10
84
330
17
0
395
39
8
87
49
246
281
3
18
755
3
68
30
5
0
0
698
3
0
23
199
151
5
0
0
1
456
0
942
12
178
82
373
0
1
0
4
45
3
0
11
102
0
10
0
0
149
1
16
270
53
24
193
0
1
169
0
1
0
0
0
0
20
525
477
72
30
5
0
15
0
17
0
0
439
1
161
0
63
18
5
0
363
0
0
821
0
0
1
0
148
691
11
5
0
0
9
128
288
1
0
173
226
417
2
634
0
82
873
11
142
17
149
7
21
5
0
11
176
1
0
250
6
14
7
210
369
1
401
610
0
903
50
447
1042
9
48
206
39
14
1
83
0
675
1
1028
424
0
3
158
0
1
3
313
18
111
0
0
35
411
811
19
2
0
27
80
468
433
1
812
0
1035
140
113
172
0
1
680
8
133
0
75
0
10
5
138
6
2
414
0
0
591
19
8
14
374
16
166
1
131
157
5
0
800
11
26
0
7
24
26
1
0
7
322
177
0
1
296
530
255
1
264
24
5
561
13
0
0
8
156
854
350
4
31
14
0
4
34
346
24
167
0
581
1
1020
3
226
4
0
461
8
1
49
321
53
14
469
28
4
331
10
5
422
0
5
0
73
271
15
213
1
33
161
0
1
659
337
30
54
0
0
606
4
26
1
0
65
120
109
10
0
1043
1
445
735
75
735
1
21
584
0
55
19
0
0
69
130
7
71
24
0
0
0
106
0
239
2
0
20
0
7
358
6
97
28
19
0
0
1
0
3
103
122
233
0
842
12
2
539
613
602
1
813
307
41
0
24
0
0
1
0
662
223
7
1
0
0
1
127
8
25
5
0
1
60
33
213
3
47
65
4
693
55
98
62
17
3
47
24
65
4
86
14
4
2
0
59
68
8
92
72
22
9
22
357
0
0
0
0
9
72
30
0
0
655
0
1
0
2
0
0
36
264
1
58
0
1
0
39
14
75
552
1
154
35
122
49
68
16
0
28
0
9
405
534
23
157
16
69
1
159
427
330
3
39
21
436
182
3
183
2
435
37
2
129
107
0
0
4
31
0
0
1
356
7
165
163
329
0
352
36
0
457
6
75
51
20
28
480
9
3
145
45
3
47
513
324
4
5
1039
0
672
1
3
18
111
0
11
215
11
2
0
4
39
16
142
0
24
0
0
0
1
154
59
0
0
45
0
796
0
7
459
933
15
0
654
9
0
30
41
951
327
40
98
62
0
1
448
86
5
538
12
0
6
0
317
20
502
17
207
153
408
77
0
8
6
8
18
111
715
70
429
77
81
1
0
397
88
32
717
3
117
609
147
260
1
5
424
3
18
0
4
10
327
473
1016
376
26
5
201
0
0
3
141
11
0
30
282
1
45
8
105
284
7
0
35
34
0
100
17
812
444
33
263
59
25
63
37
32
0
3
460
230
131
68
0
11
230
0
113
1
157
14
239
84
0
12
228
12
783
10
108
203
1
0
42
1
0
612
0
860
17
1043
1
0
1
42
3
226
4
2
289
0
0
15
388
108
0
12
0
44
5
57
4
28
0
306
1
41
791
237
0
0
1
83
14
374
34
101
754
125
5
0
75
0
1
16
145
11
0
53
24
28
0
1
0
83
0
21
27
157
73
8
9
198
922
35
517
43
6
384
34
0
1
33
0
1
3
241
4
217
132
0
0
10
166
7
4
28
5
0
0
1
0
91
1
0
0
0
69
181
43
314
5
0
704
116
383
0
13
2
0
1
2
431
3
23
157
7
0
37
282
0
0
835
3
18
111
302
533
28
729
116
1
48
0
888
11
242
1
3
105
16
243
67
52
0
12
0
0
17
0
1
43
97
914
26
15
112
19
2
152
890
737
115
452
181
749
1
424
19
475
267
3
47
758
0
78
0
21
7
0
6
769
160
21
0
12
216
7
0
12
244
0
1
83
469
2
204
303
125
102
278
21
104
1
865
5
0
208
215
10
5
0
1001
0
1
64
0
425
0
19
2
0
5
0
15
987
698
36
0
12
0
0
90
0
0
26
12
49
14
372
4
0
159
62
15
122
14
81
14
0
0
0
0
1
0
15
0
113
150
253
0
418
10
586
0
6
114
403
1040
527
1
58
2
186
0
13
14
7
71
0
14
27
5
996
1
91
0
22
659
15
8
266
34
101
27
13
2
0
0
1
449
1
0
760
165
51
24
0
248
0
89
77
79
0
4
0
216
190
104
0
846
17
0
9
0
445
272
23
5
0
287
1
0
76
0
6
509
217
6
0
0
0
0
1045
1
218
0
329
4
439
10
0
0
927
256
0
1
340
7
5
0
19
0
403
163
527
1
2
771
61
491
55
36
2
0
4
0
10
0
27
198
922
13
0
1
67
1010
162
153
456
2
1027
589
0
11
392
9
3
0
4
654
11
37
1
21
7
0
11
314
142
66
4
102
82
164
45
147
552
119
116
1
831
10
2
0
19
0
0
228
1
33
63
31
14
8
25
10
0
1
83
219
87
182
20
7
9
66
4
1
112
0
1
93
467
1
11
0
0
0
0
15
0
0
0
3
18
190
72
170
15
0
4
28
0
0
820
1
0
953
953
75
0
953
9
260
780
2
0
0
0
0
311
0
0
22
0
0
1
0
7
236
0
107
2
0
0
4
0
0
13
0
0
0
9
8
39
8
1
568
143
6
568
0
0
10
2
633
0
1
48
277
0
679
292
25
8
13
9
0
0
0
9
3
139
755
12
20
9
0
52
256
457
82
164
9
264
308
51
394
189
40
13
842
1
0
605
50
0
0
0
9
3
158
14
1
0
571
0
68
0
0
0
4
910
110
0
0
0
17
620
4
0
13
0
163
435
7
314
26
1
263
45
3
31
121
194
0
1
1034
355
8
267
14
27
0
679
14
7
779
24
1
1037
8
18
4
0
26
4
0
0
17
175
97
268
26
4
0
0
2
526
258
98
144
4
16
228
3
68
28
32
120
19
14
1
0
282
25
2
198
0
0
4
31
0
73
5
0
1
8
212
30
750
327
62
6
35
0
25
0
28
0
45
248
0
780
40
10
5
373
1
0
0
0
7
174
6
73
2
0
0
19
2
890
737
30
5
0
613
12
308
6
15
0
0
4
112
11
2
0
0
20
8
156
24
65
4
102
42
1
398
3
47
32
0
25
8
269
1
89
2
0
12
0
0
17
500
0
1
263
23
192
265
8
31
125
0
6
118
0
1
0
8
18
4
384
2
0
0
1
1021
333
11
2
0
0
1
24
4
0
6
35
140
61
422
816
924
10
84
473
1
0
117
68
18
111
752
50
405
534
10
0
758
3
0
0
1
33
0
35
59
79
8
0
2
0
583
0
259
1
0
320
45
39
2
64
0
66
528
4
409
55
1
601
8
353
885
0
1
1020
0
1
0
11
64
0
42
322
1
834
563
157
40
12
834
563
1
0
249
661
576
0
137
912
0
401
912
0
1
0
390
921
1
126
0
0
1
0
0
0
0
0
562
0
1
2
7
2
146
57
3
18
119
0
565
408
3
388
16
0
565
17
0
1
29
8
556
0
5
0
42
6
196
66
346
1
33
225
234
29
839
22
0
4
133
0
45
3
611
16
0
6
32
62
3
23
18
753
454
15
0
0
1
726
704
20
0
212
524
2
0
0
732
0
59
712
1
124
0
0
20
138
17
33
49
744
1
126
220
43
338
4
386
34
0
11
2
0
0
311
130
22
0
1
0
115
9
1049
1
95
132
0
70
0
9
45
2
438
235
857
0
6
3
478
239
2
202
0
10
137
0
14
62
67
0
1
44
54
0
143
4
31
2
0
0
1
43
0
70
0
0
13
201
715
0
1
14
7
5
0
428
20
43
61
303
10
98
179
984
51
394
133
23
10
57
22
1
0
239
16
0
751
15
0
159
525
75
230
15
230
0
0
17
820
0
1
663
0
203
179
7
2
204
57
1
23
0
16
0
0
0
73
0
0
0
13
14
17
126
220
597
98
260
17
0
1
60
91
44
18
3
0
1
660
437
1
0
44
979
0
39
8
140
11
10
0
0
0
9
88
19
917
748
437
152
6
114
1
23
0
2
82
12
220
155
11
2
104
17
0
0
1
169
0
8
641
6
3
47
24
5
0
1
32
30
231
12
209
487
4
788
0
42
17
88
19
0
418
0
11
0
588
0
152
6
114
403
0
527
1
93
213
8
25
30
108
0
1
61
455
4
31
16
0
184
9
0
0
1
0
38
18
0
0
6
32
14
53
0
0
50
30
84
4
1040
7
2
0
3
18
410
1
0
452
0
19
102
447
577
1
531
72
0
21
632
122
0
239
2
0
316
0
0
1
0
80
1018
0
10
150
1
891
0
8
25
16
0
75
0
471
6
196
100
841
26
17
196
1
663
63
23
87
49
4
554
1
0
0
684
872
132
0
16
129
9
3
0
30
147
27
423
19
26
19
2
485
12
334
756
6
2
3
720
74
7
5
0
109
16
0
0
1
1
76
373
50
42
15
41
109
1
169
120
1
168
3
362
3
103
605
138
21
489
3
158
14
1
0
851
0
0
11
514
387
1
2
0
534
7
10
209
276
1
573
29
8
153
95
220
176
0
1
0
34
145
11
26
280
0
1
83
19
2
0
13
586
1
58
531
6
160
77
422
2
781
4
31
319
216
377
1
33
682
306
1
112
0
4
0
1
48
0
0
22
10
2
485
6
928
21
44
71
915
9
209
643
171
311
7
65
0
1043
0
0
1
23
11
2
185
6
77
212
28
110
348
6
35
77
7
24
16
0
221
764
40
49
4
331
116
0
0
17
88
80
177
907
50
208
330
442
0
1
83
135
118
0
24
0
0
1
1023
44
281
9
0
0
11
289
0
13
0
280
297
11
214
1
0
186
0
438
46
198
0
0
12
579
10
0
1
0
333
11
21
6
161
120
4
87
88
72
482
123
60
1
169
450
8
105
0
7
74
9
136
0
15
0
1
73
2
0
21
245
113
0
0
0
0
616
1
300
8
97
22
120
618
36
2
283
130
847
17
29
8
614
14
6
8
71
95
4
66
171
0
50
0
21
245
1
2
0
0
11
2
0
893
764
0
7
517
393
1
149
250
1
61
27
2
867
287
20
487
4
324
2
0
0
0
13
5
0
0
831
9
302
5
0
0
970
7
416
2
0
0
0
8
31
13
2
353
9
48
0
0
80
67
0
1
0
11
126
275
0
26
1
89
391
63
18
4
0
14
11
5
0
0
34
0
7
704
1
29
3
119
5
969
11
965
0
10
2
879
20
3
266
27
5
991
17
3
68
18
157
30
671
0
3
266
29
8
18
2
0
13
14
6
8
53
23
773
14
19
2
0
9
0
41
0
342
15
8
303
342
15
133
251
6
0
30
252
1
225
3
18
655
0
522
28
16
949
1
0
4
16
730
20
63
0
110
0
15
38
226
13
5
0
0
0
1
126
220
650
67
5
415
653
2
2
0
12
5
0
0
68
28
29
0
0
0
0
17
1047
1
0
20
858
0
7
109
137
170
0
0
4
579
6
84
0
0
480
1
0
0
368
9
0
95
34
0
0
384
0
30
137
281
10
2
289
0
0
0
1
45
8
31
21
695
50
34
270
1
0
148
691
13
760
165
0
9
48
1024
0
556
99
0
10
152
1
937
0
0
22
3
39
24
30
57
683
995
1
91
0
383
232
1
0
15
0
514
387
179
126
960
17
195
14
1
33
369
22
844
962
12
2
546
343
0
1
3
826
13
16
167
961
11
2
202
229
6
15
0
4
0
843
5
0
0
21
7
0
1
149
221
192
4
94
8
85
22
625
0
40
10
2
438
336
1
396
2
64
316
163
1
118
65
4
28
815
13
911
1
180
404
2
760
602
108
11
5
427
535
42
6
375
26
23
133
20
14
7
5
436
0
351
2
431
0
5
646
0
0
13
49
120
173
266
16
0
27
30
259
3
100
18
57
190
21
522
406
1
0
2
0
10
110
0
27
2
440
4
5
967
0
415
194
288
1
89
0
1
0
1
44
18
3
0
50
2
391
0
885
9
0
27
0
0
0
1
0
316
163
0
0
0
0
1
3
78
5
190
13
2
275
188
1
74
7
5
0
685
107
253
370
15
3
158
20
21
7
80
5
130
1
0
5
695
4
5
949
121
346
10
114
6
122
720
41
30
0
74
17
1046
1
0
77
212
28
0
6
35
19
344
77
7
24
0
1
33
998
3
241
4
217
1
118
24
99
5
0
784
59
68
8
39
20
1
243
44
7
20
99
0
4
0
0
44
81
20
39
9
11
46
247
46
2
906
25
13
6
3
870
31
52
703
1
214
7
322
0
1
531
501
123
0
0
1
771
147
80
836
0
1
665
0
1
0
29
8
156
4
359
5
0
650
6
44
68
41
845
28
9
60
291
8
97
18
24
23
111
13
0
0
19
2
315
15
162
0
1
102
7
72
1011
6
0
6
72
855
123
0
21
823
41
106
2
485
12
2
146
0
1
48
0
664
31
810
6
41
2
204
0
310
8
53
31
1
74
7
5
244
12
26
20
71
0
3
68
18
78
125
764
0
1
224
439
63
87
74
42
9
0
4
0
438
0
825
10
0
1
0
52
1
89
44
153
0
4
989
57
1
0
0
6
72
30
0
0
1
83
30
63
31
14
507
0
23
100
970
1
3
68
32
910
4
519
547
29
0
2
561
672
1
0
851
31
852
40
115
1
37
282
43
25
0
11
2
0
6
35
3
18
278
4
932
131
99
0
20
14
212
28
0
9
0
1
0
0
0
0
12
0
0
11
632
22
0
1
29
2
0
162
0
4
387
55
186
6
3
212
23
18
5
0
1
3
23
285
5
0
104
312
832
5
1042
0
8
25
153
639
107
6
338
529
504
10
0
0
6
3
0
40
10
948
12
6
15
532
78
542
73
5
435
17
294
40
21
0
11
0
73
5
0
1
91
3
0
55
11
96
933
0
0
1
64
0
12
2
0
0
2
234
0
6
0
2
0
7
0
123
63
266
1
395
0
1
982
787
57
683
9
291
63
51
322
31
549
317
0
0
1
3
78
5
190
13
2
126
275
188
22
0
22
33
0
22
687
175
97
0
2
0
2
937
0
0
0
1
0
3
141
10
209
288
1
29
2
0
7
392
30
54
126
283
6
28
0
4
359
107
34
166
336
13
2
0
0
0
6
0
0
420
1
48
664
515
283
49
134
0
9
59
7
101
32
488
19
181
47
9
0
46
10
0
1
218
329
4
439
0
4
927
5
256
786
0
0
329
1
139
926
0
0
853
0
0
1
52
186
62
6
3
267
363
10
0
24
363
10
34
0
0
1044
0
9
0
39
0
0
0
5
0
0
9
0
0
2
256
7
107
10
494
443
1
0
30
20
183
0
129
85
550
1
16
0
7
5
723
1
21
463
915
43
288
1
298
565
166
6
466
0
6
565
166
6
565
166
6
120
649
6
505
6
565
166
1
0
252
138
1
83
35
67
173
111
10
2
129
12
0
148
12
172
203
9
0
1
249
661
576
0
470
12
2
0
21
47
1
112
7
2
0
184
336
0
1
0
46
76
12
34
0
6
88
653
8
4
176
0
481
73
0
2
0
0
594
0
681
96
0
11
9
23
0
569
2
850
10
0
6
106
4
349
5
0
292
17
33
3
241
4
217
29
8
226
4
0
583
26
1
891
0
13
49
8
980
6
42
7
2
0
211
10
252
581
1
0
0
0
1
0
0
0
0
1002
0
216
0
6
2
544
458
4
0
0
1
48
7
2
82
292
517
5
0
9
3
27
65
4
189
4
2
0
258
17
212
24
28
360
14
492
17
48
192
6
642
80
0
4
0
9
542
5
0
13
0
57
11
5
0
1
428
61
8
279
11
7
5
874
6
35
0
75
24
8
0
29
7
890
185
32
86
242
8
0
42
1
3
436
116
129
72
123
3
103
0
21
252
6
15
98
62
429
7
0
10
5
379
0
12
0
1
149
52
0
558
174
1
807
29
3
119
5
969
11
159
0
3
18
0
50
804
194
6
3
68
28
46
717
46
0
59
7
21
800
24
0
0
21
104
1
149
333
11
21
1
207
217
714
0
416
0
10
5
84
104
0
17
360
729
2
0
1
0
732
482
1
810
131
460
26
2
152
0
7
984
17
7
21
839
9
22
9
22
9
136
234
343
147
22
128
56
10
2
247
520
6
147
7
488
1
58
399
875
178
0
0
11
0
9
195
992
0
419
363
1
149
8
25
0
0
62
196
94
5
0
1
0
664
96
361
13
14
24
768
0
237
0
4
0
5
850
19
5
918
205
109
143
1
56
75
8
103
18
936
23
5
436
946
15
78
20
0
1
89
0
891
74
0
246
142
0
20
103
183
0
12
991
163
1
0
23
0
291
227
0
1
254
254
254
254
254
254
254
254
254
821
821
821
821
1
0
0
0
0
0
1
0
19
0
238
330
442
0
0
1
23
5
0
883
4
0
4
34
731
1013
633
17
497
0
0
10
863
0
17
824
771
0
1
58
103
2
702
18
0
40
619
29
38
119
5
289
0
9
59
13
486
81
2
353
0
452
11
5
0
0
0
9
41
117
5
218
964
1
0
0
10
126
0
1
812
572
599
22
4
2
287
61
0
125
16
186
15
438
0
51
788
10
379
22
0
0
0
1
326
77
0
402
0
52
0
0
1
225
168
182
18
8
111
1
0
0
25
2
204
130
4
483
4
548
408
0
564
1
45
34
431
555
140
30
2
470
0
1
13
2
0
465
6
63
106
18
0
330
265
126
960
6
122
102
7
223
109
1
135
0
12
16
0
25
50
0
9
0
1
1034
355
0
0
523
0
818
0
73
2
0
88
242
34
0
0
348
68
0
268
1
0
238
646
90
0
10
82
0
2
235
928
361
0
14
304
0
0
16
0
119
0
437
13
14
1
33
599
1
136
333
11
20
1
3
484
5
0
36
37
2
0
13
0
0
108
0
594
0
118
46
0
46
0
5
0
32
16
270
593
20
177
125
0
27
5
918
644
6
32
135
3
31
5
401
598
784
0
820
1
667
39
37
2
366
1
325
0
378
1
33
318
8
53
138
70
14
35
24
882
9
259
1
101
0
0
0
70
0
143
1
318
118
106
5
916
12
57
179
2
202
795
790
0
15
0
7
23
76
0
0
1
149
1
83
3
18
111
157
0
20
115
7
162
0
0
0
1
33
79
8
0
121
1
21
837
10
0
67
0
16
0
4
0
17
8
103
133
5
0
0
17
498
0
0
0
0
0
738
81
24
603
49
101
0
155
1
42
861
2
0
334
6
3
523
4
0
2
0
979
42
17
362
26
618
17
206
32
144
373
16
688
7
0
125
0
9
15
81
23
476
980
0
20
0
75
0
161
9
0
118
5
0
0
24
5
253
0
0
25
430
0
6
0
372
4
28
453
0
12
0
279
1
0
0
441
0
0
140
0
1
0
0
46
368
46
0
692
66
13
0
1
0
25
304
73
561
689
21
50
0
563
503
0
1
149
33
0
1
42
7
0
79
8
87
486
69
27
862
73
761
0
0
50
114
6
0
0
9
0
84
675
37
0
0
40
146
503
0
6
0
0
217
0
0
1
974
101
0
5
608
7
85
0
287
4
0
381
0
0
0
0
1
23
11
2
185
6
110
348
0
216
0
0
46
0
15
0
23
11
2
185
17
0
113
759
733
541
205
290
277
403
452
527
1
201
458
4
233
184
11
208
0
0
17
184
0
17
195
5
258
12
257
17
277
78
492
12
282
9
249
661
576
0
0
6
64
0
6
114
1
3
0
0
934
73
84
708
13
2
0
139
95
4
183
934
443
1
814
134
0
246
0
251
1
0
176
3
78
938
13
0
163
6
15
14
67
24
189
278
1
33
676
1
0
29
8
18
5
760
0
6
8
25
0
11
284
1
168
97
3
189
4
2
0
1
136
53
3
0
8
9
0
0
0
0
0
1
127
703
7
0
1
83
457
0
0
62
1
3
183
2
435
37
2
129
107
0
0
4
0
0
11
0
1
353
885
0
0
26
1
89
2
607
244
1
0
0
27
0
0
72
32
123
0
6
32
467
0
9
136
3
145
876
43
0
26
1
0
3
362
3
103
30
5
138
1
302
2
0
180
2
494
188
1030
0
0
0
1
0
19
0
0
38
99
0
26
54
964
1
3
241
20
2
524
0
714
13
0
7
2
0
12
879
0
10
114
1
16
0
7
5
0
964
0
1
136
769
0
0
1
56
186
0
68
18
0
134
0
888
589
15
0
17
23
876
1
3
241
20
137
536
674
57
208
215
309
57
1
3
30
21
64
184
336
130
1
3
47
240
11
2
0
235
1
21
245
3
720
20
3
78
16
0
0
129
85
0
1
829
108
186
0
558
116
5
0
0
276
820
0
0
1
3
0
2
0
0
0
159
57
3
66
74
17
59
39
43
371
0
0
10
96
0
9
1044
0
0
1
277
2
0
21
245
1
396
14
67
0
0
122
2
637
30
0
1
0
0
174
377
0
0
1
3
145
558
783
1
145
0
0
0
0
4
28
46
0
46
206
15
127
1
1031
33
0
55
1
128
59
9
272
65
4
18
5
0
1
2
0
12
939
10
16
0
526
258
7
0
30
272
0
4
99
303
342
36
706
1
313
7
532
231
129
109
17
447
681
2
0
42
9
272
599
17
621
339
5
200
0
213
0
37
387
46
5
0
746
1
29
8
221
94
16
407
336
42
6
8
25
0
0
1015
26
13
184
0
1
0
0
678
441
453
73
84
897
45
77
372
4
28
453
73
967
0
4
0
55
36
44
915
0
1
225
59
79
147
10
0
0
4
66
4
5
886
0
200
1
135
10
308
6
231
12
2
598
324
19
0
17
0
0
1
48
96
361
13
14
17
41
59
2
388
5
0
0
12
227
0
11
0
0
100
105
3
51
153
31
0
12
0
14
116
1
2
0
156
129
72
0
45
0
0
151
0
1
48
559
0
0
9
154
0
682
34
211
9
136
33
777
73
0
0
1
33
599
0
1
0
0
27
5
474
0
6
3
47
80
0
892
12
16
741
451
10
0
0
1
575
154
791
22
15
0
22
33
27
14
2
0
76
9
20
283
27
0
0
0
1
33
0
1
665
0
1
83
38
25
135
0
321
4
349
1
41
5
0
50
5
0
6
32
41
623
1
933
770
7
0
1
3
0
16
243
653
29
173
119
148
0
383
167
0
21
164
15
0
0
26
370
1
33
53
3
18
34
511
1
121
10
0
1
0
0
0
0
23
0
37
12
115
65
13
740
305
4
31
5
849
17
207
0
81
24
464
265
0
0
1
33
23
0
5
0
69
407
0
0
1
0
0
0
191
1
16
90
565
741
0
16
0
1
309
310
113
0
1
0
1
136
0
9
154
40
12
0
886
266
6
49
39
8
0
0
46
5
434
0
81
14
0
392
12
0
4
8
9
74
7
54
273
0
0
107
2
0
6
15
14
7
512
159
0
12
707
0
4
24
66
0
118
5
644
1
2
238
745
61
0
4
0
159
69
25
16
0
1
91
63
31
14
1
29
0
25
106
163
708
965
6
59
13
486
39
3
31
422
10
151
11
451
535
17
3
23
0
238
0
0
0
44
53
106
28
0
46
0
0
0
12
0
0
10
2
0
0
526
258
1
444
676
1
0
0
0
0
10
76
831
1
0
895
7
32
895
1
168
0
110
695
0
68
0
20
8
79
86
54
0
15
79
18
2
57
1
0
93
160
0
81
24
18
0
195
59
1
121
10
346
0
0
1045
1045
1045
113
0
360
541
205
776
10
776
205
6
0
1
48
664
79
38
31
148
72
0
9
0
0
944
26
54
0
1
306
345
467
0
115
19
132
211
1
159
0
74
7
131
61
413
320
4
26
46
3
303
55
0
15
3
100
87
96
420
0
1
13
2
538
12
0
366
6
24
134
7
72
0
123
389
19
0
0
13
253
19
419
1
128
24
278
333
11
0
26
1
128
3
870
24
956
125
0
452
170
5
0
1
0
242
20
5
0
919
10
2
0
1018
2
0
1
0
388
5
165
163
1
23
0
438
0
825
0
0
1
775
67
0
0
1
668
182
10
175
7
335
335
1
805
0
10
0
434
12
0
6
324
4
152
524
55
281
0
0
399
536
4
24
0
19
0
196
714
110
102
0
1
0
0
1
0
468
242
0
23
267
20
0
384
7
0
1
0
2
69
19
0
0
1
0
180
137
170
12
0
293
594
0
6
2
481
25
80
0
14
157
34
69
222
6
15
8
87
14
1
16
243
7
0
16
317
0
8
219
95
4
0
504
8
171
0
1
56
148
0
13
2
102
0
9
3
241
0
12
2
1000
11
21
142
754
837
7
70
0
467
66
4
1003
62
17
0
0
454
7
0
1
356
206
0
0
1
327
470
12
0
0
0
10
5
0
13
751
17
3
18
232
0
17
29
439
119
0
0
262
6
697
21
90
14
67
0
84
476
0
22
166
457
3
226
46
5
0
0
22
0
1
58
0
0
2
0
157
0
647
0
0
549
6
15
0
11
72
0
15
43
0
168
3
362
3
103
0
0
20
1
48
277
345
31
5
686
12
8
512
116
1
3
18
139
410
271
303
46
767
46
77
7
370
4
598
0
380
229
1
623
23
0
5
190
610
186
0
13
5
0
0
1
3
313
24
140
0
42
35
19
344
3
47
0
1
531
413
0
30
423
19
0
1
80
2
204
113
917
748
437
1
112
497
77
422
151
1
48
206
46
5
0
0
352
50
227
10
99
5
0
0
795
0
114
6
3
68
133
41
210
0
1
154
71
0
13
2
0
4
24
601
21
76
55
1
23
119
5
0
12
190
0
0
109
182
3
286
11
0
6
160
38
338
3
0
0
0
1
186
0
0
278
568
0
3
95
4
910
4
519
547
0
1
0
58
1
91
0
0
0
1
0
723
0
222
466
6
549
6
15
945
0
1
325
7
20
160
629
829
2
643
1
449
45
5
0
983
15
5
0
983
145
965
471
210
134
1
60
0
291
99
76
20
27
6
133
6
12
5
0
515
1
169
79
8
192
641
0
9
574
355
670
170
12
289
185
0
137
170
12
253
0
192
265
2
98
0
0
0
1002
1
657
21
7
16
0
1
0
530
304
78
26
32
120
1
127
148
0
0
21
104
9
296
0
1
10
781
8
614
14
82
143
6
0
117
267
0
0
0
1
0
1
576
32
134
11
2
560
0
1
41
24
30
438
0
2
0
1
60
158
4
94
2
271
617
205
0
1
249
580
0
6
38
18
282
0
5
879
159
580
4
818
0
239
54
202
840
15
0
262
840
1
0
444
1
99
10
5
0
1013
6
177
739
50
16
323
10
0
7
468
433
1
207
11
26
3
0
23
0
4
2
990
256
15
66
36
20
15
14
502
1
0
14
223
7
236
17
45
8
0
6
196
139
28
2
0
61
0
34
0
23
160
8
53
6
555
0
8
97
1
249
195
2
0
6
38
25
765
0
1
135
0
274
423
262
101
6
940
43
218
0
17
41
30
5
874
0
12
0
0
1
37
282
0
950
260
157
26
603
20
2
293
12
0
51
139
87
44
0
0
7
1
0
1
3
651
3
18
0
5
64
766
0
702
0
0
13
0
0
100
0
265
8
171
626
1
19
0
36
282
0
112
15
0
1
8
87
44
0
26
116
9
22
9
22
9
729
84
281
46
134
11
0
237
0
19
0
123
2
909
0
191
1044
1
0
0
1024
193
16
0
0
0
15
3
51
145
8
0
451
218
0
0
1
0
31
5
0
0
1
60
675
833
3
79
14
1009
1
656
32
46
5
1002
0
6
8
193
2
0
0
0
1007
797
629
9
20
7
0
1014
1
124
233
2
0
0
979
41
5
513
0
718
36
106
513
482
463
17
161
10
0
211
0
1
20
0
799
27
0
938
127
1
56
24
0
6
23
628
43
87
44
38
18
430
1
299
16
0
7
0
522
0
319
19
507
228
12
21
343
1
74
25
208
598
0
84
0
12
110
0
10
308
0
1
119
19
344
0
924
12
0
0
0
32
550
1
296
0
1
124
140
0
1
620
4
131
36
5
0
0
0
7
54
929
0
0
68
0
1
0
1
0
40
16
328
0
0
425
3
371
10
16
167
961
27
23
0
73
436
0
0
75
284
72
9
225
0
21
7
32
0
1
0
356
206
127
0
3
92
76
1
0
92
0
655
4
1015
290
9
11
632
3
47
0
55
46
347
102
213
0
1
127
206
10
5
474
0
15
732
0
90
7
361
6
35
3
47
177
137
107
0
1
333
11
20
33
1
180
327
473
6
2
0
0
0
67
111
0
41
111
309
935
1
986
144
4
26
19
0
554
477
30
173
7
65
4
889
15
341
0
355
1002
762
0
592
943
0
15
0
11
0
27
0
36
2
0
0
11
170
24
5
390
0
9
60
884
9
59
785
0
0
86
5
0
0
0
20
502
11
37
12
96
0
9
14
595
55
54
202
0
19
2
857
17
0
16
166
68
28
0
1
180
946
0
6
3
18
0
20
38
25
2
361
12
2
0
48
206
3
18
0
0
179
1
168
118
24
1
314
14
0
167
739
0
1
157
2
343
11
0
708
223
0
1
1010
262
260
18
206
9
3
92
4
0
50
570
35
27
0
49
96
178
699
25
262
260
9
169
585
641
0
1
2
102
0
37
2
329
0
109
387
15
0
0
4
86
0
501
1
77
23
0
567
198
12
216
399
0
1
3
95
2
165
108
0
1
141
140
213
595
5
0
19
253
19
925
6
0
10
0
6
147
0
1
2
0
602
828
0
10
2
2
0
1
0
0
0
7
393
17
207
0
1
29
507
426
5
390
164
338
20
508
82
546
3
27
0
2
335
3
18
0
13
37
873
358
1
83
375
2
185
0
20
3
27
0
2
146
4
521
5
252
860
15
147
552
7
694
0
26
1
0
0
7
871
4
0
54
0
0
0
1
0
69
200
113
0
418
0
11
0
0
588
152
0
1
58
14
0
5
894
0
0
820
0
1
132
886
537
986
365
5
184
12
26
314
0
3
47
210
0
75
132
0
746
1
38
533
193
0
0
4
0
0
6
160
21
76
337
30
41
70
4
956
0
44
220
837
9
575
955
1
11
37
172
0
6
112
27
2
76
61
789
2
645
0
1
0
0
41
181
47
17
0
0
1
824
771
20
0
0
869
27
5
71
0
0
0
13
34
146
69
12
167
0
0
1
1
631
99
478
19
392
11
2
0
188
0
217
176
26
1
296
1
149
0
1
74
25
0
10
16
121
0
17
14
337
30
38
25
770
284
1
14
0
26
20
0
80
0
281
64
0
118
24
0
492
1
659
392
35
0
306
1
124
3
381
2
211
569
0
1
0
0
10
745
0
6
2
353
412
7
24
71
412
1
657
0
0
1
363
0
382
0
0
342
537
324
350
1
154
5
0
1
56
0
0
561
8
80
18
5
0
899
49
134
79
8
268
11
34
316
9
0
0
4
94
44
13
486
7
358
36
16
0
1
59
7
16
0
466
414
288
1
93
0
1
0
0
0
36
0
1
574
461
8
11
404
0
1007
0
6
44
5
0
129
4
0
11
0
0
1
495
18
545
10
0
0
220
122
17
33
91
31
5
558
784
1
0
290
1
59
79
0
99
523
463
11
0
69
0
9
3
18
32
134
86
55
155
4
39
1
63
331
400
10
0
6
679
337
559
17
0
49
559
579
0
4
110
730
0
1
631
99
862
220
359
0
278
1
224
75
54
0
0
9
657
25
8
269
1
3
62
94
59
38
993
102
17
0
0
1
0
0
0
9
0
1
89
74
25
0
0
35
8
18
4
28
74
30
208
203
553
1
388
5
227
0
784
11
16
730
0
46
5
120
51
0
6
35
72
46
5
0
0
19
0
0
0
0
237
323
545
648
0
10
150
0
6
114
1
0
8
0
192
265
115
195
2
114
553
900
1
446
911
1
83
499
244
163
1
571
643
171
311
19
0
0
999
12
16
0
0
25
10
2
638
203
12
96
919
19
2
0
255
57
0
1
0
0
1
0
27
20
8
38
0
109
13
289
9
58
0
6
0
54
0
613
12
142
0
0
0
12
0
0
0
0
0
452
0
1
0
203
508
2
0
44
25
34
0
9
249
397
247
141
2
0
1039
1
0
2
0
13
0
22
0
122
0
10
1
93
3
47
2
0
1
16
0
0
15
3
1016
388
2
0
12
0
335
10
0
905
1
88
770
0
0
33
1
128
56
0
2
257
0
0
0
694
6
0
14
37
1
124
132
49
17
39
8
105
29
3
977
19
2
0
472
38
68
199
26
0
121
50
16
0
9
49
212
76
0
5
403
84
29
0
340
12
761
0
52
619
0
9
23
5
705
40
4
2
671
43
61
0
2
202
303
2
0
0
4
96
184
336
1
398
0
1
79
8
87
20
5
0
7
106
0
0
1
3
285
0
0
42
22
0
0
1
0
6
2
69
60
422
5
762
0
13
2
669
0
1
5
0
0
117
23
0
5
382
718
12
0
64
90
5
373
0
0
177
0
17
264
301
94
191
1
0
21
138
29
8
18
0
475
1
1029
575
154
14
826
1
357
0
9
26
44
744
12
987
39
8
92
9
646
182
39
63
141
9
0
1
3
47
240
11
2
0
0
0
1
0
296
950
1
2
906
540
0
7
65
4
199
26
5
0
1
291
77
23
71
0
2
64
509
0
0
22
570
41
393
560
6
23
0
5
0
0
11
0
0
3
47
80
198
922
65
4
0
0
7
5
266
62
1
448
0
0
1
93
264
0
6
79
8
932
14
9
0
1022
794
496
1
21
7
762
0
363
43
1
326
1
0
0
1
42
10
0
759
0
0
6
0
12
2
0
0
6
0
0
673
0
0
1
58
128
35
122
3
78
2
98
440
179
0
22
0
16
420
7
537
15
3
18
600
102
0
1
33
368
246
72
43
51
268
0
4
8
0
1
496
0
0
1
0
0
0
0
0
0
1
814
0
2
908
0
1
10
0
6
685
2
775
10
0
27
24
5
120
425
17
0
1
48
0
888
0
7
216
420
1
0
40
4
308
42
22
0
357
1
243
0
5
0
516
42
237
785
703
32
3
371
5
0
0
0
509
230
968
0
0
1
1035
0
0
50
0
27
742
36
2
695
1
33
225
0
338
45
147
27
5
0
1
354
498
291
38
25
361
40
2
505
0
543
0
161
555
176
38
100
18
0
137
476
75
505
0
1
0
215
508
726
324
10
114
22
0
1
204
12
618
4
16
0
0
15
0
0
45
77
861
19
2
655
0
0
144
164
22
660
20
0
652
10
2
1004
97
86
11
5
174
0
1
0
0
2
0
961
1
2
625
61
0
26
10
19
2
0
554
478
52
746
30
5
670
104
312
0
0
17
169
81
21
86
8
380
641
9
839
1
811
0
108
1
23
11
2
185
6
110
348
0
940
54
0
2
98
4
763
8
29
8
25
0
23
11
2
185
17
49
70
52
1
43
61
139
0
907
12
96
90
199
26
0
1
59
81
21
435
0
187
2
95
4
339
647
421
71
0
13
2
435
9
0
1
0
0
39
8
23
141
0
34
166
13
4
674
75
284
9
93
52
6
35
3
103
0
0
1
124
112
44
0
39
8
95
176
13
9
804
678
0
1
154
35
2
0
10
0
25
134
72
0
621
28
309
0
1
616
0
322
13
2
201
1
